# platform=debian kernel=linux host=lg1 device=rpi1 git_commit=bd7d1f3 sample_rate=96000
frame,samples,block_drops,buffer_pct,total_ms,wait_ms,exec_ms,copy_ms,sound_ms,tg_ms,ui_ms,plot_ms,bg_fps,bg_sps,bg_spf,fg_fps,fg_sps,fg_spf,sync_locked,bph,rate_spd,beat_error_ms,amplitude_deg
1,1920,0,0.1,0.112,0.050,0.062,0.007,0.001,0.042,0.001,0.009,0.0,0.0,0.0,0.0,0.0,0.0,0,,,,
2,1920,0,0.1,0.123,0.044,0.079,0.008,0.000,0.046,0.001,0.023,0.0,0.0,0.0,0.0,0.0,0.0,0,,,,
3,1920,0,0.1,0.242,0.047,0.195,0.007,0.000,0.063,0.087,0.036,0.0,0.0,0.0,0.0,0.0,0.0,0,,,,
4,1920,0,0.1,0.255,0.027,0.228,0.007,0.000,0.087,0.105,0.028,0.0,0.0,0.0,0.0,0.0,0.0,0,,,,
5,1920,0,0.1,0.283,0.027,0.256,0.008,0.000,0.114,0.097,0.035,0.0,0.0,0.0,0.0,0.0,0.0,0,,,,
6,1920,0,0.1,0.310,0.028,0.282,0.007,0.001,0.146,0.081,0.047,0.0,0.0,0.0,0.0,0.0,0.0,0,,,,
7,1920,0,0.1,0.473,0.029,0.444,0.007,0.001,0.189,0.192,0.054,0.0,0.0,0.0,0.0,0.0,0.0,0,,,,
8,1920,0,0.1,0.394,0.027,0.367,0.007,0.001,0.219,0.075,0.063,0.0,0.0,0.0,0.0,0.0,0.0,0,,,,
9,1920,0,0.1,0.457,0.031,0.426,0.007,0.001,0.265,0.079,0.073,0.0,0.0,0.0,0.0,0.0,0.0,0,,,,
10,1920,0,0.1,0.559,0.057,0.502,0.007,0.001,0.330,0.078,0.084,0.0,0.0,0.0,0.0,0.0,0.0,0,,,,
11,1920,0,0.1,0.608,0.027,0.581,0.007,0.001,0.406,0.072,0.094,0.0,0.0,0.0,0.0,0.0,0.0,0,,,,
12,1920,0,0.1,0.725,0.037,0.688,0.008,0.000,0.460,0.125,0.095,0.0,0.0,0.0,0.0,0.0,0.0,0,,,,
13,1920,0,0.1,0.763,0.032,0.731,0.008,0.000,0.534,0.074,0.115,0.0,0.0,0.0,0.0,0.0,0.0,0,,,,
14,1920,0,0.1,0.351,0.027,0.324,0.008,0.001,0.123,0.072,0.120,0.0,0.0,0.0,0.0,0.0,0.0,0,,,,
15,1920,0,0.1,0.735,0.031,0.704,0.007,0.001,0.491,0.070,0.134,0.0,0.0,0.0,0.0,0.0,0.0,0,,,,
16,1920,0,0.1,0.790,0.030,0.760,0.008,0.000,0.503,0.077,0.170,0.0,0.0,0.0,0.0,0.0,0.0,0,,,,
17,1920,0,0.1,0.758,0.033,0.725,0.008,0.000,0.487,0.076,0.154,0.0,0.0,0.0,0.0,0.0,0.0,0,,,,
18,1920,0,0.1,0.774,0.034,0.740,0.008,0.000,0.489,0.077,0.165,0.0,0.0,0.0,0.0,0.0,0.0,0,,,,
19,1920,0,0.1,0.823,0.063,0.760,0.007,0.001,0.501,0.075,0.175,0.0,0.0,0.0,0.0,0.0,0.0,0,,,,
20,1920,0,0.1,0.670,0.082,0.588,0.009,0.001,0.213,0.190,0.173,0.0,0.0,0.0,0.0,0.0,0.0,0,,,,
21,1920,0,0.1,1.469,0.725,0.744,0.008,0.001,0.324,0.098,0.312,0.0,0.0,0.0,0.0,0.0,0.0,0,,,,
22,1920,0,0.1,5.469,4.668,0.801,0.008,0.001,0.496,0.086,0.209,0.0,0.0,0.0,0.0,0.0,0.0,0,,,,
23,1920,0,0.1,11.613,10.743,0.870,0.008,0.000,0.536,0.100,0.226,0.0,0.0,0.0,0.0,0.0,0.0,0,,,,
24,1920,0,0.1,18.904,18.064,0.840,0.008,0.000,0.510,0.092,0.229,0.0,0.0,0.0,0.0,0.0,0.0,0,,,,
25,3840,0,0.1,27.614,26.323,1.291,0.015,0.001,0.834,0.170,0.269,0.0,0.0,0.0,0.0,0.0,0.0,0,,,,
26,1920,0,0.1,19.701,18.950,0.751,0.008,0.000,0.241,0.127,0.374,0.0,0.0,0.0,0.0,0.0,0.0,0,,,,
27,1920,0,0.1,1.453,0.629,0.824,0.007,0.001,0.519,0.072,0.223,0.0,0.0,0.0,0.0,0.0,0.0,0,,,,
28,1920,0,0.1,15.249,14.351,0.898,0.008,0.001,0.527,0.110,0.252,0.0,0.0,0.0,0.0,0.0,0.0,0,,,,
29,3840,0,0.1,29.807,28.194,1.613,0.015,0.000,1.066,0.154,0.376,0.0,0.0,0.0,0.0,0.0,0.0,0,,,,
30,3840,0,0.1,24.899,23.850,1.049,0.015,0.001,0.570,0.149,0.314,0.0,0.0,0.0,0.0,0.0,0.0,0,,,,
31,1920,0,0.1,19.364,18.398,0.966,0.007,0.000,0.547,0.088,0.322,0.0,0.0,0.0,0.0,0.0,0.0,0,,,,
32,1920,0,0.1,1.233,0.296,0.937,0.008,0.000,0.534,0.089,0.305,0.0,0.0,0.0,0.0,0.0,0.0,0,,,,
33,1920,0,0.1,12.582,11.623,0.959,0.008,0.001,0.540,0.086,0.323,0.0,0.0,0.0,0.0,0.0,0.0,0,,,,
34,3840,0,0.1,25.121,23.354,1.767,0.015,0.000,1.085,0.238,0.427,0.0,0.0,0.0,0.0,0.0,0.0,0,,,,
35,1920,0,0.1,17.255,16.413,0.842,0.008,0.001,0.126,0.113,0.593,0.0,0.0,0.0,0.0,0.0,0.0,0,,,,
36,3840,0,0.1,28.900,27.252,1.648,0.015,0.000,1.017,0.168,0.445,0.0,0.0,0.0,0.0,0.0,0.0,0,,,,
37,3840,0,0.1,21.998,20.277,1.721,0.015,0.001,1.104,0.159,0.441,0.0,0.0,0.0,0.0,0.0,0.0,0,,,,
38,1920,0,0.1,15.395,14.325,1.070,0.008,0.000,0.569,0.084,0.408,0.0,0.0,0.0,0.0,0.0,0.0,0,,,,
39,3840,0,0.1,28.619,27.423,1.196,0.016,0.001,0.571,0.170,0.437,0.0,0.0,0.0,0.0,0.0,0.0,0,,,,
40,3840,0,0.1,21.961,20.178,1.783,0.015,0.001,1.087,0.157,0.521,0.0,0.0,0.0,0.0,0.0,0.0,0,,,,
41,1920,0,0.1,14.839,13.742,1.097,0.008,0.000,0.540,0.092,0.456,0.0,0.0,0.0,0.0,0.0,0.0,0,,,,
42,3840,0,0.1,28.850,27.234,1.616,0.015,0.000,0.898,0.164,0.537,0.0,0.0,0.0,0.0,0.0,0.0,0,,,,
43,3840,0,0.1,21.646,20.151,1.495,0.014,0.000,0.777,0.145,0.556,0.0,0.0,0.0,0.0,0.0,0.0,0,,,,
44,1920,0,0.1,14.729,13.568,1.161,0.008,0.000,0.539,0.106,0.507,0.0,0.0,0.0,0.0,0.0,0.0,0,,,,
45,3840,0,0.1,27.649,25.836,1.813,0.015,0.001,1.052,0.155,0.589,0.0,0.0,0.0,0.0,0.0,0.0,0,,,,
46,3840,0,0.1,21.708,20.389,1.319,0.015,0.001,0.574,0.154,0.575,0.0,0.0,0.0,0.0,0.0,0.0,0,,,,
47,1920,0,0.1,14.831,13.661,1.170,0.008,0.001,0.512,0.097,0.550,0.0,0.0,0.0,0.0,0.0,0.0,0,,,,
48,3840,0,0.1,27.878,26.048,1.830,0.015,0.001,1.037,0.150,0.626,0.0,0.0,0.0,0.0,0.0,0.0,0,,,,
49,3840,0,0.1,20.617,18.750,1.867,0.015,0.001,0.988,0.177,0.684,0.0,0.0,0.0,0.0,0.0,0.0,0,,,,
50,1920,0,0.1,13.588,12.489,1.099,0.007,0.000,0.098,0.115,0.874,0.0,0.0,0.0,0.0,0.0,0.0,0,,,,
51,3840,0,0.1,24.608,22.755,1.853,0.015,0.000,0.950,0.205,0.680,0.0,0.0,0.0,0.0,0.0,0.0,0,,,,
52,1920,0,0.1,16.629,15.392,1.237,0.007,0.000,0.506,0.093,0.628,0.0,0.0,0.0,0.0,0.0,0.0,0,,,,
53,3840,0,0.1,28.482,26.599,1.883,0.030,0.000,1.008,0.148,0.693,0.0,0.0,0.0,0.0,0.0,0.0,0,,,,
54,3840,0,0.1,21.067,19.536,1.531,0.015,0.001,0.578,0.197,0.739,0.0,0.0,0.0,0.0,0.0,0.0,0,,,,
55,1920,0,0.1,12.403,11.132,1.271,0.007,0.001,0.493,0.090,0.677,0.0,0.0,0.0,0.0,0.0,0.0,0,,,,
56,3840,0,0.1,24.238,22.270,1.968,0.015,0.000,1.009,0.188,0.755,0.0,0.0,0.0,0.0,0.0,0.0,0,,,,
57,1920,0,0.1,17.308,15.996,1.312,0.007,0.001,0.508,0.094,0.700,0.0,0.0,0.0,0.0,0.0,0.0,0,,,,
58,3840,0,0.1,28.754,27.321,1.433,0.014,0.001,0.554,0.141,0.722,0.0,0.0,0.0,0.0,0.0,0.0,0,,,,
59,1920,0,0.1,20.009,18.653,1.356,0.008,0.000,0.519,0.079,0.749,0.0,0.0,0.0,0.0,0.0,0.0,0,,,,
60,1920,0,0.1,2.200,0.939,1.261,0.008,0.000,0.502,0.086,0.662,0.0,0.0,0.0,0.0,0.0,0.0,0,,,,
61,1920,0,0.1,14.176,12.745,1.431,0.008,0.000,0.507,0.134,0.781,0.0,0.0,0.0,0.0,0.0,0.0,0,,,,
62,3840,0,0.1,26.031,24.104,1.927,0.014,0.001,0.961,0.161,0.787,0.0,0.0,0.0,0.0,0.0,0.0,0,,,,
63,1920,0,0.1,18.614,17.320,1.294,0.007,0.001,0.141,0.130,1.013,0.0,0.0,0.0,0.0,0.0,0.0,0,,,,
64,3840,0,0.1,30.167,28.162,2.005,0.014,0.001,0.998,0.156,0.833,0.0,0.0,0.0,0.0,0.0,0.0,0,,,,
65,3840,0,0.1,23.459,21.405,2.054,0.015,0.000,1.009,0.174,0.854,0.0,0.0,0.0,0.0,0.0,0.0,0,,,,
66,1920,0,0.1,15.978,14.554,1.424,0.007,0.000,0.503,0.107,0.805,0.0,0.0,0.0,0.0,0.0,0.0,0,,,,
67,3840,0,0.1,27.780,26.205,1.575,0.015,0.001,0.537,0.174,0.847,0.0,0.0,0.0,0.0,0.0,0.0,0,,,,
68,1920,0,0.1,19.706,18.228,1.478,0.007,0.001,0.505,0.102,0.861,0.0,0.0,0.0,0.0,0.0,0.0,0,,,,
69,1920,0,0.1,1.970,0.605,1.365,0.008,0.001,0.499,0.080,0.775,0.0,0.0,0.0,0.0,0.0,0.0,0,,,,
70,1920,0,0.1,15.317,13.837,1.480,0.008,0.001,0.514,0.084,0.871,0.0,0.0,0.0,0.0,0.0,0.0,0,,,,
71,3840,0,0.1,28.951,27.049,1.902,0.015,0.001,0.778,0.141,0.963,0.0,0.0,0.0,0.0,0.0,0.0,0,,,,
72,3840,0,0.1,25.082,21.562,3.520,0.015,0.001,0.894,1.614,0.994,0.0,0.0,0.0,0.0,0.0,0.0,1,28800,,,
73,3840,0,0.1,23.826,21.527,2.299,0.015,0.105,1.021,0.164,0.992,0.0,0.0,0.0,0.0,0.0,0.0,1,28800,,,
74,1920,0,0.1,18.500,16.958,1.542,0.007,0.039,0.511,0.090,0.893,0.0,0.0,0.0,0.0,0.0,0.0,1,28800,,,
75,3840,0,0.1,30.991,29.401,1.590,0.016,0.074,0.403,0.158,0.936,0.0,0.0,0.0,0.0,0.0,0.0,1,28800,,,
76,3840,0,0.1,26.190,23.808,2.382,0.015,0.099,0.861,0.423,0.982,0.0,0.0,0.0,0.0,0.0,0.0,1,28800,,,205.2
77,3840,0,0.1,25.554,23.193,2.361,0.015,0.074,1.056,0.168,1.044,0.0,0.0,0.0,38.4,101405.1,2643.0,1,28800,,,205.2
78,3840,0,0.1,21.459,19.688,1.771,0.015,0.073,0.551,0.148,0.984,53.0,101753.3,1920.0,38.4,101405.1,2643.0,1,28800,,,205.2
79,1920,0,0.1,16.003,14.364,1.639,0.008,0.038,0.254,0.345,0.993,53.0,101753.3,1920.0,38.4,101405.1,2643.0,1,28800,,0.240,205.2
80,3840,0,0.1,33.928,31.568,2.360,0.015,0.088,1.050,0.174,1.030,53.0,101753.3,1920.0,38.4,101405.1,2643.0,1,28800,,0.240,205.2
81,3840,0,0.1,29.611,27.197,2.414,0.014,0.075,1.074,0.190,1.057,53.0,101753.3,1920.0,38.4,101405.1,2643.0,1,28800,,0.240,205.2
82,3840,0,0.1,24.692,22.954,1.738,0.015,0.076,0.226,0.410,1.010,53.0,101753.3,1920.0,38.4,101405.1,2643.0,1,28800,-23.54,0.240,205.0
83,3840,0,0.1,23.776,21.323,2.453,0.016,0.088,1.065,0.155,1.128,53.0,101753.3,1920.0,38.4,101405.1,2643.0,1,28800,-23.54,0.240,205.0
84,1920,0,0.1,17.619,15.837,1.782,0.008,0.038,0.547,0.084,1.103,53.0,101753.3,1920.0,38.4,101405.1,2643.0,1,28800,-23.54,0.240,205.0
85,3840,0,0.1,32.815,30.657,2.158,0.015,0.073,0.788,0.142,1.137,53.0,101753.3,1920.0,38.4,101405.1,2643.0,1,28800,-23.54,0.240,205.0
86,3840,0,0.1,26.710,24.629,2.081,0.015,0.074,0.552,0.288,1.150,53.0,101753.3,1920.0,38.4,101405.1,2643.0,1,28800,-23.54,0.171,205.0
87,3840,0,0.1,24.795,22.291,2.504,0.015,0.083,1.075,0.170,1.159,53.0,101753.3,1920.0,38.4,101405.1,2643.0,1,28800,-23.54,0.171,205.0
88,1920,0,0.1,18.862,17.056,1.806,0.008,0.038,0.526,0.084,1.149,53.0,101753.3,1920.0,38.4,101405.1,2643.0,1,28800,-23.54,0.171,205.0
89,3840,0,0.1,32.304,30.514,1.790,0.015,0.074,0.388,0.157,1.154,53.0,101753.3,1920.0,38.4,101405.1,2643.0,1,28800,-23.54,0.171,205.0
90,3840,0,0.1,26.450,23.837,2.613,0.015,0.090,0.904,0.428,1.174,53.0,101753.3,1920.0,38.4,101405.1,2643.0,1,28800,-5.10,0.171,205.3
91,3840,0,0.1,25.762,23.190,2.572,0.015,0.078,1.065,0.200,1.212,53.0,101753.3,1920.0,38.4,101405.1,2643.0,1,28800,-5.10,0.171,205.3
92,3840,0,0.1,21.146,19.152,1.994,0.015,0.073,0.538,0.142,1.224,53.0,101753.3,1920.0,38.4,101405.1,2643.0,1,28800,-5.10,0.171,205.3
93,1920,0,0.1,15.649,13.765,1.884,0.007,0.039,0.249,0.321,1.266,53.0,101753.3,1920.0,38.4,101405.1,2643.0,1,28800,-5.10,0.169,205.3
94,3840,0,0.1,33.257,30.731,2.526,0.015,0.092,1.051,0.162,1.203,53.0,101753.3,1920.0,38.4,101405.1,2643.0,1,28800,-5.10,0.169,205.3
95,3840,0,0.1,29.367,26.754,2.613,0.015,0.075,1.063,0.189,1.269,53.0,101753.3,1920.0,38.4,101405.1,2643.0,1,28800,-5.10,0.169,205.3
96,3840,0,0.1,24.234,22.229,2.005,0.015,0.074,0.220,0.461,1.232,53.0,101753.3,1920.0,38.4,101405.1,2643.0,1,28800,-3.90,0.169,205.1
97,3840,0,0.1,23.964,21.343,2.621,0.015,0.090,1.009,0.159,1.347,53.0,101753.3,1920.0,38.4,101405.1,2643.0,1,28800,-3.90,0.169,205.1
98,1920,0,0.1,18.230,16.296,1.934,0.008,0.037,0.495,0.086,1.306,53.0,101753.3,1920.0,38.4,101405.1,2643.0,1,28800,-3.90,0.169,205.1
99,3840,0,0.1,34.273,31.962,2.311,0.015,0.074,0.702,0.154,1.363,53.0,101753.3,1920.0,38.4,101405.1,2643.0,1,28800,-3.90,0.169,205.1
100,3840,0,0.1,30.179,27.909,2.270,0.015,0.074,0.525,0.310,1.343,53.0,101753.3,1920.0,38.4,101405.1,2643.0,1,28800,-3.90,0.151,205.1
101,3840,0,0.1,31.795,29.175,2.620,0.015,0.083,0.990,0.159,1.370,53.0,101753.3,1920.0,38.4,101405.1,2643.0,1,28800,-3.90,0.151,205.1
102,3840,0,0.1,28.829,26.366,2.463,0.015,0.078,0.793,0.177,1.397,53.0,101753.3,1920.0,38.4,101405.1,2643.0,1,28800,-3.90,0.151,205.1
103,3840,0,0.1,25.051,22.859,2.192,0.015,0.075,0.376,0.333,1.391,53.0,101753.3,1920.0,38.4,101405.1,2643.0,1,28800,-5.21,0.151,205.7
104,3840,0,0.1,24.390,21.716,2.674,0.015,0.090,0.950,0.171,1.447,53.0,101753.3,1920.0,38.4,101405.1,2643.0,1,28800,-5.21,0.151,205.7
105,1920,0,0.1,18.432,16.416,2.016,0.008,0.038,0.484,0.081,1.403,53.0,101753.3,1920.0,38.4,101405.1,2643.0,1,28800,-5.21,0.151,205.7
106,3840,0,0.1,31.742,29.580,2.162,0.015,0.075,0.486,0.144,1.439,53.0,101753.3,1920.0,38.4,101405.1,2643.0,1,28800,-5.21,0.151,205.7
107,3840,0,0.1,25.646,22.941,2.705,0.015,0.090,0.698,0.403,1.497,53.0,101753.3,1920.0,38.4,101405.1,2643.0,1,28800,-5.21,0.123,205.7
108,3840,0,0.1,26.555,23.806,2.749,0.015,0.073,0.972,0.177,1.510,53.0,101753.3,1920.0,38.4,101405.1,2643.0,1,28800,-5.21,0.123,205.7
109,3840,0,0.1,23.314,20.978,2.336,0.015,0.074,0.601,0.143,1.500,53.0,101753.3,1920.0,38.4,101405.1,2643.0,1,28800,-5.21,0.123,205.7
110,1920,0,0.1,17.742,15.633,2.109,0.008,0.038,0.123,0.383,1.555,53.0,101753.3,1920.0,38.4,101405.1,2643.0,1,28800,-4.69,0.123,205.4
111,3840,0,0.1,35.528,32.731,2.797,0.014,0.091,0.980,0.157,1.552,53.0,101753.3,1920.0,38.4,101405.1,2643.0,1,28800,-4.69,0.123,205.4
112,3840,0,0.1,33.144,30.306,2.838,0.015,0.074,0.994,0.193,1.559,53.0,101753.3,1920.0,38.4,101405.1,2643.0,1,28800,-4.69,0.123,205.4
113,3840,0,0.1,28.335,26.161,2.174,0.015,0.074,0.308,0.164,1.611,53.0,101753.3,1920.0,38.4,101405.1,2643.0,1,28800,-4.69,0.123,205.4
114,3840,0,0.1,23.564,20.620,2.944,0.015,0.089,0.944,0.347,1.547,53.0,101753.3,1920.0,38.4,101405.1,2643.0,1,28800,-4.69,0.110,205.4
115,1920,0,0.1,21.127,18.766,2.361,0.009,0.039,0.512,0.086,1.713,53.0,101753.3,1920.0,38.4,101405.1,2643.0,1,28800,-4.69,0.110,205.4
116,1920,0,0.1,3.993,1.890,2.103,0.008,0.039,0.504,0.095,1.455,53.0,101753.3,1920.0,38.4,101405.1,2643.0,1,28800,-4.69,0.110,205.4
117,1920,0,0.1,18.415,16.281,2.134,0.008,0.038,0.326,0.099,1.661,53.0,101753.3,1920.0,38.4,101405.1,2643.0,1,28800,-4.69,0.110,205.4
118,3840,0,0.1,32.630,30.197,2.433,0.014,0.073,0.393,0.344,1.607,53.0,101753.3,1920.0,38.4,101405.1,2643.0,1,28800,-2.49,0.110,205.4
119,3840,0,0.1,31.589,28.657,2.932,0.015,0.090,1.008,0.156,1.662,53.0,101753.3,1920.0,38.4,101405.1,2643.0,1,28800,-2.49,0.110,205.4
120,3840,0,0.1,27.715,24.870,2.845,0.015,0.075,0.963,0.155,1.635,53.0,101753.3,1920.0,38.4,101405.1,2643.0,1,28800,-2.49,0.110,205.4
121,3840,0,0.1,21.979,19.641,2.338,0.013,0.074,0.271,0.363,1.614,53.0,101753.3,1920.0,38.4,101405.1,2643.0,1,28800,-2.49,0.095,205.4
122,1920,0,0.1,23.306,17.539,5.767,0.007,3.601,0.502,0.094,1.561,53.0,101753.3,1920.0,38.4,101405.1,2643.0,1,28800,-2.49,0.095,205.4
123,1920,0,0.1,6.378,4.214,2.164,0.008,0.073,0.497,0.074,1.511,53.0,101753.3,1920.0,38.4,101405.1,2643.0,1,28800,-2.49,0.095,205.4
124,1920,0,0.1,19.822,17.400,2.422,0.007,0.102,0.508,0.099,1.703,53.0,101753.3,1920.0,38.4,101405.1,2643.0,1,28800,-2.49,0.095,205.4
125,1920,0,0.1,3.042,0.784,2.258,0.008,0.090,0.506,0.072,1.580,53.0,101753.3,1920.0,38.4,101405.1,2643.0,1,28800,-2.49,0.095,205.4
126,1920,0,0.1,18.287,16.026,2.261,0.007,0.109,0.102,0.121,1.919,53.0,101753.3,1920.0,38.4,101405.1,2643.0,1,28800,-2.49,0.095,205.4
127,3840,0,0.1,32.084,28.949,3.135,0.015,0.415,0.653,0.395,1.654,53.0,101753.3,1920.0,38.4,101405.1,2643.0,1,28800,1.31,0.095,204.6
128,3840,0,0.1,30.243,27.161,3.082,0.015,0.162,1.017,0.163,1.724,53.0,101753.3,1920.0,38.4,101405.1,2643.0,1,28800,1.31,0.095,204.6
129,3840,0,0.1,25.284,22.401,2.883,0.014,0.147,0.744,0.190,1.785,53.0,101753.3,1920.0,38.4,101405.1,2643.0,1,28800,1.31,0.095,204.6
130,1920,0,0.1,20.377,18.061,2.316,0.008,0.109,0.051,0.102,2.045,53.0,101753.3,1920.0,38.4,101405.1,2643.0,1,28800,1.31,0.095,204.6
131,1920,0,0.1,3.744,1.291,2.453,0.008,0.100,0.458,0.249,1.635,53.0,101753.3,1920.0,38.4,101405.1,2643.0,1,28800,1.31,0.100,204.6
132,3840,0,0.1,23.016,19.603,3.413,0.015,0.416,1.045,0.165,1.770,53.0,101753.3,1920.0,38.4,101405.1,2643.0,1,28800,1.31,0.100,204.6
133,1920,0,0.1,18.545,16.047,2.498,0.008,0.107,0.524,0.086,1.772,53.0,101753.3,1920.0,38.4,101405.1,2643.0,1,28800,1.31,0.100,204.6
134,3840,0,0.1,34.362,31.811,2.551,0.015,0.148,0.388,0.199,1.799,53.0,101753.3,1920.0,38.4,101405.1,2643.0,1,28800,1.31,0.100,204.6
135,3840,0,0.1,30.113,26.650,3.463,0.015,0.413,0.868,0.431,1.733,53.0,101753.3,1920.0,38.4,101405.1,2643.0,1,28800,4.48,0.100,204.1
136,3840,0,0.1,29.668,26.449,3.219,0.015,0.143,1.036,0.161,1.863,53.0,101753.3,1920.0,38.4,101405.1,2643.0,1,28800,4.48,0.100,204.1
137,3840,0,0.1,26.710,24.025,2.685,0.015,0.150,0.524,0.138,1.857,53.0,101753.3,1920.0,38.4,101405.1,2643.0,1,28800,4.48,0.100,204.1
138,1920,0,0.1,21.127,18.582,2.545,0.007,0.111,0.243,0.323,1.858,53.0,101753.3,1920.0,38.4,101405.1,2643.0,1,28800,4.48,0.113,204.1
139,1920,0,0.1,4.813,2.079,2.734,0.008,0.346,0.509,0.106,1.763,53.0,101753.3,1920.0,38.4,101405.1,2643.0,1,28800,4.48,0.113,204.1
140,3840,0,0.1,22.750,19.442,3.308,0.015,0.143,1.057,0.211,1.880,53.0,101753.3,1920.0,31.3,100952.4,3230.0,1,28800,4.48,0.113,204.1
141,1920,0,0.1,18.605,15.955,2.650,0.008,0.109,0.569,0.082,1.880,52.5,100802.4,1920.0,31.3,100952.4,3230.0,1,28800,4.48,0.113,204.1
142,3840,0,0.1,33.996,31.311,2.685,0.015,0.148,0.227,0.373,1.919,52.5,100802.4,1920.0,31.3,100952.4,3230.0,1,28800,5.98,0.113,204.0
143,3840,0,0.1,33.121,29.565,3.556,0.015,0.418,1.097,0.168,1.855,52.5,100802.4,1920.0,31.3,100952.4,3230.0,1,28800,5.98,0.113,204.0
144,3840,0,0.1,29.675,26.232,3.443,0.015,0.147,1.096,0.159,2.023,52.5,100802.4,1920.0,31.3,100952.4,3230.0,1,28800,5.98,0.113,204.0
145,3840,0,0.1,25.765,23.180,2.585,0.015,0.144,0.306,0.171,1.947,52.5,100802.4,1920.0,31.3,100952.4,3230.0,1,28800,5.98,0.113,204.0
146,1920,0,0.1,20.350,17.585,2.765,0.007,0.112,0.482,0.216,1.946,52.5,100802.4,1920.0,31.3,100952.4,3230.0,1,28800,5.98,0.120,204.0
147,1920,0,0.1,6.904,3.906,2.998,0.008,0.374,0.553,0.109,1.951,52.5,100802.4,1920.0,31.3,100952.4,3230.0,1,28800,5.98,0.120,204.0
148,3840,0,0.1,22.531,19.100,3.431,0.015,0.146,1.102,0.172,1.995,52.5,100802.4,1920.0,31.3,100952.4,3230.0,1,28800,5.98,0.120,204.0
149,1920,0,0.1,17.607,14.979,2.628,0.007,0.108,0.386,0.093,2.032,52.5,100802.4,1920.0,31.3,100952.4,3230.0,1,28800,5.98,0.120,204.0
150,3840,0,0.1,31.697,28.717,2.980,0.015,0.150,0.459,0.339,2.015,52.5,100802.4,1920.0,31.3,100952.4,3230.0,1,28800,5.87,0.120,203.4
151,3840,0,0.1,31.458,27.828,3.630,0.015,0.458,1.050,0.152,1.953,52.5,100802.4,1920.0,31.3,100952.4,3230.0,1,28800,5.87,0.120,203.4
152,3840,0,0.1,27.342,23.934,3.408,0.014,0.148,0.953,0.176,2.115,52.5,100802.4,1920.0,31.3,100952.4,3230.0,1,28800,5.87,0.120,203.4
153,3840,0,0.1,22.549,19.739,2.810,0.015,0.150,0.264,0.350,2.029,52.5,100802.4,1920.0,31.3,100952.4,3230.0,1,28800,5.87,0.103,203.4
154,1920,0,0.1,20.136,17.063,3.073,0.008,0.423,0.506,0.093,2.043,52.5,100802.4,1920.0,31.3,100952.4,3230.0,1,28800,5.87,0.103,203.4
155,1920,0,0.1,3.816,1.120,2.696,0.008,0.090,0.500,0.081,2.016,52.5,100802.4,1920.0,31.3,100952.4,3230.0,1,28800,5.87,0.103,203.4
156,1920,0,0.1,18.839,16.049,2.790,0.008,0.107,0.504,0.096,2.074,52.5,100802.4,1920.0,31.3,100952.4,3230.0,1,28800,5.87,0.103,203.4
157,3840,0,0.1,33.152,30.088,3.064,0.015,0.148,0.606,0.141,2.153,52.5,100802.4,1920.0,31.3,100952.4,3230.0,1,28800,5.87,0.103,203.4
158,3840,0,0.1,30.663,27.070,3.593,0.014,0.433,0.621,0.407,2.116,52.5,100802.4,1920.0,31.3,100952.4,3230.0,1,28800,6.76,0.103,202.6
159,3840,0,0.1,30.249,26.760,3.489,0.015,0.143,0.995,0.165,2.170,52.5,100802.4,1920.0,31.3,100952.4,3230.0,1,28800,6.76,0.103,202.6
160,3840,0,0.1,28.225,25.006,3.219,0.015,0.147,0.688,0.165,2.199,52.5,100802.4,1920.0,31.3,100952.4,3230.0,1,28800,6.76,0.103,202.6
161,3840,0,0.1,26.854,23.722,3.132,0.015,0.152,0.478,0.297,2.187,52.5,100802.4,1920.0,31.3,100952.4,3230.0,1,28800,6.76,0.114,202.6
162,3840,0,0.1,28.097,24.357,3.740,0.015,0.411,0.987,0.170,2.154,52.5,100802.4,1920.0,31.3,100952.4,3230.0,1,28800,6.76,0.114,202.6
163,3840,0,0.1,26.764,23.359,3.405,0.015,0.147,0.854,0.174,2.212,52.5,100802.4,1920.0,31.3,100952.4,3230.0,1,28800,6.76,0.114,202.6
164,3840,0,0.1,25.512,22.419,3.093,0.015,0.148,0.401,0.289,2.239,52.5,100802.4,1920.0,31.3,100952.4,3230.0,1,28800,6.06,0.114,202.2
165,3840,0,0.1,28.227,24.438,3.789,0.015,0.427,1.029,0.156,2.161,52.5,100802.4,1920.0,31.3,100952.4,3230.0,1,28800,6.06,0.114,202.2
166,3840,0,0.1,26.449,22.878,3.571,0.015,0.149,0.960,0.193,2.251,52.5,100802.4,1920.0,31.3,100952.4,3230.0,1,28800,6.06,0.114,202.2
167,3840,0,0.1,23.973,20.965,3.008,0.015,0.150,0.289,0.326,2.225,52.5,100802.4,1920.0,31.3,100952.4,3230.0,1,28800,6.06,0.107,202.2
168,3840,0,0.1,24.925,21.066,3.859,0.015,0.440,1.027,0.152,2.223,52.5,100802.4,1920.0,31.3,100952.4,3230.0,1,28800,6.06,0.107,202.2
169,3840,0,0.1,22.877,19.201,3.676,0.014,0.148,1.053,0.162,2.297,52.5,100802.4,1920.0,31.3,100952.4,3230.0,1,28800,6.06,0.107,202.2
170,1920,0,0.1,19.501,16.623,2.878,0.007,0.109,0.104,0.142,2.515,52.5,100802.4,1920.0,31.3,100952.4,3230.0,1,28800,6.06,0.107,202.2
171,1920,0,0.1,3.208,0.455,2.753,0.007,0.099,0.120,0.270,2.255,52.5,100802.4,1920.0,31.3,100952.4,3230.0,1,28800,5.87,0.107,201.9
172,1920,0,0.1,21.333,18.025,3.308,0.008,0.384,0.537,0.097,2.279,52.5,100802.4,1920.0,31.3,100952.4,3230.0,1,28800,5.87,0.107,201.9
173,1920,0,0.1,5.283,2.308,2.975,0.008,0.090,0.525,0.092,2.258,52.5,100802.4,1920.0,31.3,100952.4,3230.0,1,28800,5.87,0.107,201.9
174,1920,0,0.1,19.120,16.023,3.097,0.007,0.103,0.534,0.081,2.370,52.5,100802.4,1920.0,31.3,100952.4,3230.0,1,28800,5.87,0.107,201.9
175,3840,0,0.1,35.501,32.083,3.418,0.014,0.146,0.732,0.136,2.387,52.5,100802.4,1920.0,31.3,100952.4,3230.0,1,28800,5.87,0.107,201.9
176,3840,0,0.1,30.799,27.413,3.386,0.015,0.148,0.523,0.276,2.422,52.5,100802.4,1920.0,31.3,100952.4,3230.0,1,28800,5.87,0.128,201.9
177,3840,0,0.1,31.591,27.581,4.010,0.015,0.417,1.031,0.173,2.371,52.5,100802.4,1920.0,31.3,100952.4,3230.0,1,28800,5.87,0.128,201.9
178,3840,0,0.1,29.301,25.580,3.721,0.015,0.148,0.855,0.244,2.457,52.5,100802.4,1920.0,31.3,100952.4,3230.0,1,28800,5.87,0.128,201.9
179,3840,0,0.1,27.041,23.705,3.336,0.015,0.151,0.412,0.298,2.457,52.5,100802.4,1920.0,31.3,100952.4,3230.0,1,28800,5.50,0.128,201.4
180,3840,0,0.1,26.453,22.343,4.110,0.015,0.462,1.050,0.154,2.425,52.5,100802.4,1920.0,31.3,100952.4,3230.0,1,28800,5.50,0.128,201.4
181,3840,0,0.1,24.401,20.596,3.805,0.015,0.151,0.988,0.152,2.496,52.5,100802.4,1920.0,31.3,100952.4,3230.0,1,28800,5.50,0.128,201.4
182,1920,0,0.1,20.162,17.178,2.984,0.007,0.109,0.060,0.102,2.704,52.5,100802.4,1920.0,31.3,100952.4,3230.0,1,28800,5.50,0.128,201.4
183,1920,0,0.1,4.079,1.099,2.980,0.007,0.098,0.227,0.261,2.384,52.5,100802.4,1920.0,31.3,100952.4,3230.0,1,28800,5.50,0.128,201.4
184,3840,0,0.1,24.690,19.983,4.707,0.015,0.375,0.985,0.133,3.197,52.5,100802.4,1920.0,31.3,100952.4,3230.0,1,28800,5.50,0.128,201.4
185,3840,0,0.1,24.646,20.680,3.966,0.015,0.155,1.032,0.173,2.589,52.5,100802.4,1920.0,31.3,100952.4,3230.0,1,28800,5.50,0.128,201.4
186,1920,0,0.1,19.684,16.505,3.179,0.008,0.111,0.100,0.110,2.848,52.5,100802.4,1920.0,31.3,100952.4,3230.0,1,28800,5.50,0.128,201.4
187,1920,0,0.1,3.611,0.635,2.976,0.008,0.102,0.120,0.284,2.459,52.5,100802.4,1920.0,31.3,100952.4,3230.0,1,28800,5.28,0.128,201.4
188,3840,0,0.1,26.021,21.830,4.191,0.015,0.441,1.019,0.153,2.561,52.5,100802.4,1920.0,31.3,100952.4,3230.0,1,28800,5.28,0.128,201.4
189,3840,0,0.1,24.018,20.084,3.934,0.015,0.147,1.041,0.155,2.573,52.5,100802.4,1920.0,31.3,100952.4,3230.0,1,28800,5.28,0.128,201.4
190,1920,0,0.1,19.609,16.450,3.159,0.008,0.109,0.218,0.097,2.726,52.5,100802.4,1920.0,31.3,100952.4,3230.0,1,28800,5.28,0.128,201.4
191,1920,0,0.1,3.305,0.582,2.723,0.007,0.100,0.048,0.083,2.482,52.5,100802.4,1920.0,31.3,100952.4,3230.0,1,28800,5.28,0.128,201.4
192,1920,0,0.1,18.749,15.339,3.410,0.007,0.113,0.463,0.225,2.599,52.5,100802.4,1920.0,31.3,100952.4,3230.0,1,28800,5.28,0.129,201.4
193,3840,0,0.1,39.458,35.175,4.283,0.015,0.424,1.000,0.151,2.690,52.5,100802.4,1920.0,31.3,100952.4,3230.0,1,28800,5.28,0.129,201.4
194,1920,0,0.1,24.115,20.375,3.740,0.008,0.098,0.509,0.082,3.041,52.5,100802.4,1920.0,31.3,100952.4,3230.0,1,28800,5.28,0.129,201.4
195,1920,0,0.1,22.504,19.005,3.499,0.007,0.089,0.321,0.070,3.008,52.5,100802.4,1920.0,31.3,100952.4,3230.0,1,28800,5.28,0.129,201.4
196,3840,0,0.1,31.884,28.373,3.511,0.015,0.153,0.434,0.294,2.613,52.5,100802.4,1920.0,31.3,100952.4,3230.0,1,28800,5.27,0.129,201.1
197,3840,0,0.1,31.653,27.412,4.241,0.015,0.452,1.003,0.153,2.615,52.5,100802.4,1920.0,31.3,100952.4,3230.0,1,28800,5.27,0.129,201.1
198,3840,0,0.1,29.816,25.824,3.992,0.015,0.149,0.947,0.147,2.732,52.5,100802.4,1920.0,31.3,100952.4,3230.0,1,28800,5.27,0.129,201.1
199,3840,0,0.1,25.552,22.109,3.443,0.015,0.153,0.313,0.321,2.638,52.5,100802.4,1920.0,31.3,100952.4,3230.0,1,28800,5.27,0.140,201.1
200,3840,0,0.1,25.335,21.012,4.323,0.015,0.431,0.974,0.170,2.731,52.5,100802.4,1920.0,31.3,100952.4,3230.0,1,28800,5.27,0.140,201.1
201,3840,0,0.1,30.786,26.750,4.036,0.015,0.122,0.963,0.127,2.805,52.5,100802.4,1920.0,31.3,100952.4,3230.0,1,28800,5.27,0.140,201.1
202,3840,0,0.1,32.672,29.214,3.458,0.015,0.153,0.217,0.375,2.697,52.5,100802.4,1920.0,31.3,100952.4,3230.0,1,28800,4.99,0.140,201.3
203,3840,0,0.1,33.656,29.347,4.309,0.014,0.472,0.968,0.144,2.707,52.5,100802.4,1920.0,31.3,100049.6,3200.0,1,28800,4.99,0.140,201.3
204,3840,0,0.1,32.594,28.507,4.087,0.015,0.149,0.982,0.152,2.788,52.4,100548.6,1920.0,31.3,100049.6,3200.0,1,28800,4.99,0.140,201.3
205,3840,0,0.1,29.439,26.027,3.412,0.015,0.153,0.262,0.175,2.805,52.4,100548.6,1920.0,31.3,100049.6,3200.0,1,28800,4.99,0.140,201.3
206,3840,0,0.1,27.110,22.582,4.528,0.015,0.440,0.949,0.339,2.783,52.4,100548.6,1920.0,31.3,100049.6,3200.0,1,28800,4.99,0.130,201.3
207,3840,0,0.1,28.336,24.217,4.119,0.015,0.145,1.008,0.143,2.808,52.4,100548.6,1920.0,31.3,100049.6,3200.0,1,28800,4.99,0.130,201.3
208,3840,0,0.1,25.858,22.346,3.512,0.015,0.148,0.373,0.145,2.829,52.4,100548.6,1920.0,31.3,100049.6,3200.0,1,28800,4.99,0.130,201.3
209,1920,0,0.1,21.573,17.947,3.626,0.008,0.116,0.356,0.276,2.868,52.4,100548.6,1920.0,31.3,100049.6,3200.0,1,28800,5.31,0.130,201.4
210,1920,0,0.1,8.951,5.162,3.789,0.007,0.363,0.536,0.093,2.787,52.4,100548.6,1920.0,31.3,100049.6,3200.0,1,28800,5.31,0.130,201.4
211,3840,0,0.1,24.789,20.575,4.214,0.015,0.148,0.997,0.168,2.884,52.4,100548.6,1920.0,31.3,100049.6,3200.0,1,28800,5.31,0.130,201.4
212,1920,0,0.1,20.256,16.790,3.466,0.007,0.114,0.441,0.087,2.815,52.4,100548.6,1920.0,31.3,100049.6,3200.0,1,28800,5.31,0.130,201.4
213,1920,0,0.1,4.258,1.207,3.051,0.007,0.100,0.053,0.095,2.794,52.4,100548.6,1920.0,31.3,100049.6,3200.0,1,28800,5.31,0.130,201.4
214,1920,0,0.1,18.508,14.980,3.528,0.008,0.114,0.240,0.295,2.870,52.4,100548.6,1920.0,31.3,100049.6,3200.0,1,28800,5.31,0.131,201.4
215,3840,0,0.1,36.251,31.750,4.501,0.015,0.439,1.008,0.148,2.888,52.4,100548.6,1920.0,31.3,100049.6,3200.0,1,28800,5.31,0.131,201.4
216,3840,0,0.1,33.883,29.523,4.360,0.015,0.146,1.026,0.167,3.003,52.4,100548.6,1920.0,31.3,100049.6,3200.0,1,28800,5.31,0.131,201.4
217,3840,0,0.1,29.582,25.911,3.671,0.015,0.151,0.221,0.363,2.918,52.4,100548.6,1920.0,31.3,100049.6,3200.0,1,28800,5.12,0.131,201.5
218,3840,0,0.1,29.449,24.828,4.621,0.015,0.439,1.043,0.149,2.974,52.4,100548.6,1920.0,31.3,100049.6,3200.0,1,28800,5.12,0.131,201.5
219,3840,0,0.1,27.060,22.652,4.408,0.015,0.148,1.047,0.144,3.051,52.4,100548.6,1920.0,31.3,100049.6,3200.0,1,28800,5.12,0.131,201.5
220,3840,0,0.1,23.563,19.923,3.640,0.015,0.148,0.270,0.200,3.005,52.4,100548.6,1920.0,31.3,100049.6,3200.0,1,28800,5.12,0.131,201.5
221,1920,0,0.1,20.578,16.765,3.813,0.008,0.114,0.478,0.211,3.000,52.4,100548.6,1920.0,31.3,100049.6,3200.0,1,28800,5.12,0.116,201.5
222,1920,0,0.1,8.166,4.185,3.981,0.007,0.379,0.533,0.085,2.974,52.4,100548.6,1920.0,31.3,100049.6,3200.0,1,28800,5.12,0.116,201.5
223,3840,0,0.1,23.973,19.583,4.390,0.015,0.146,1.057,0.150,3.021,52.4,100548.6,1920.0,31.3,100049.6,3200.0,1,28800,5.12,0.116,201.5
224,1920,0,0.1,21.989,18.313,3.676,0.008,0.112,0.336,0.098,3.121,52.4,100548.6,1920.0,31.3,100049.6,3200.0,1,28800,5.12,0.116,201.5
225,1920,0,0.1,6.074,2.878,3.196,0.008,0.102,0.047,0.084,2.953,52.4,100548.6,1920.0,31.3,100049.6,3200.0,1,28800,5.12,0.116,201.5
226,1920,0,0.1,20.820,17.015,3.805,0.008,0.114,0.358,0.281,3.043,52.4,100548.6,1920.0,31.3,100049.6,3200.0,1,28800,5.28,0.116,201.9
227,1920,0,0.1,8.479,4.489,3.990,0.007,0.390,0.506,0.119,2.964,52.4,100548.6,1920.0,31.3,100049.6,3200.0,1,28800,5.28,0.116,201.9
228,3840,0,0.1,23.681,19.264,4.417,0.014,0.150,1.009,0.142,3.100,52.4,100548.6,1920.0,31.3,100049.6,3200.0,1,28800,5.28,0.116,201.9
229,1920,0,0.1,21.277,17.548,3.729,0.007,0.110,0.453,0.083,3.074,52.4,100548.6,1920.0,31.3,100049.6,3200.0,1,28800,5.28,0.116,201.9
230,1920,0,0.1,5.551,2.246,3.305,0.007,0.100,0.054,0.099,3.043,52.4,100548.6,1920.0,31.3,100049.6,3200.0,1,28800,5.28,0.116,201.9
231,1920,0,0.1,20.074,16.333,3.741,0.007,0.114,0.238,0.300,3.080,52.4,100548.6,1920.0,31.3,100049.6,3200.0,1,28800,5.28,0.133,201.9
232,1920,0,0.1,7.641,3.613,4.028,0.007,0.373,0.491,0.087,3.067,52.4,100548.6,1920.0,31.3,100049.6,3200.0,1,28800,5.28,0.133,201.9
233,1920,0,0.1,21.694,17.902,3.792,0.007,0.107,0.493,0.081,3.102,52.4,100548.6,1920.0,31.3,100049.6,3200.0,1,28800,5.28,0.133,201.9
234,1920,0,0.1,6.345,2.665,3.680,0.007,0.096,0.481,0.071,3.023,52.4,100548.6,1920.0,31.3,100049.6,3200.0,1,28800,5.28,0.133,201.9
235,3840,0,0.1,23.192,19.141,4.051,0.015,0.148,0.590,0.145,3.152,52.4,100548.6,1920.0,31.3,100049.6,3200.0,1,28800,5.28,0.133,201.9
236,1920,0,0.1,21.072,17.262,3.810,0.007,0.115,0.125,0.344,3.215,52.4,100548.6,1920.0,31.3,100049.6,3200.0,1,28800,5.49,0.133,202.4
237,1920,0,0.1,8.850,4.797,4.053,0.008,0.366,0.489,0.094,3.093,52.4,100548.6,1920.0,31.3,100049.6,3200.0,1,28800,5.49,0.133,202.4
238,3840,0,0.1,25.928,21.449,4.479,0.015,0.151,0.984,0.146,3.182,52.4,100548.6,1920.0,31.3,100049.6,3200.0,1,28800,5.49,0.133,202.4
239,3840,0,0.1,24.878,20.565,4.313,0.014,0.150,0.751,0.149,3.246,52.4,100548.6,1920.0,31.3,100049.6,3200.0,1,28800,5.49,0.133,202.4
240,1920,0,0.1,22.143,18.369,3.774,0.007,0.116,0.051,0.130,3.468,52.4,100548.6,1920.0,31.3,100049.6,3200.0,1,28800,5.49,0.133,202.4
241,1920,0,0.1,7.045,3.080,3.965,0.008,0.101,0.466,0.281,3.108,52.4,100548.6,1920.0,31.3,100049.6,3200.0,1,28800,5.49,0.142,202.4
242,3840,0,0.1,26.349,21.484,4.865,0.016,0.423,1.073,0.162,3.187,52.4,100548.6,1920.0,31.3,100049.6,3200.0,1,28800,5.49,0.142,202.4
243,3840,0,0.1,24.145,19.704,4.441,0.015,0.152,0.857,0.147,3.249,52.4,100548.6,1920.0,31.3,100049.6,3200.0,1,28800,5.49,0.142,202.4
244,1920,0,0.1,20.414,16.637,3.777,0.008,0.113,0.051,0.103,3.500,52.4,100548.6,1920.0,31.3,100049.6,3200.0,1,28800,5.49,0.142,202.4
245,1920,0,0.1,5.270,1.345,3.925,0.007,0.103,0.353,0.298,3.162,52.4,100548.6,1920.0,31.3,100049.6,3200.0,1,28800,5.33,0.142,202.6
246,1920,0,0.1,23.212,18.935,4.277,0.008,0.446,0.520,0.097,3.204,52.4,100548.6,1920.0,31.3,100049.6,3200.0,1,28800,5.33,0.142,202.6
247,1920,0,0.1,7.960,4.169,3.791,0.008,0.094,0.506,0.076,3.105,52.4,100548.6,1920.0,31.3,100049.6,3200.0,1,28800,5.33,0.142,202.6
248,3840,0,0.1,24.880,20.298,4.582,0.015,0.150,0.976,0.149,3.291,52.4,100548.6,1920.0,31.3,100049.6,3200.0,1,28800,5.33,0.142,202.6
249,1920,0,0.1,19.656,15.822,3.834,0.008,0.111,0.060,0.144,3.510,52.4,100548.6,1920.0,31.3,100049.6,3200.0,1,28800,5.33,0.142,202.6
250,1920,0,0.1,4.456,0.628,3.828,0.008,0.102,0.236,0.281,3.199,52.4,100548.6,1920.0,31.3,100049.6,3200.0,1,28800,5.33,0.160,202.6
251,1920,0,0.1,22.838,18.536,4.302,0.008,0.407,0.512,0.086,3.287,52.4,100548.6,1920.0,31.3,100049.6,3200.0,1,28800,5.33,0.160,202.6
252,1920,0,0.1,7.686,3.829,3.857,0.008,0.097,0.497,0.082,3.172,52.4,100548.6,1920.0,31.3,100049.6,3200.0,1,28800,5.33,0.160,202.6
253,3840,0,0.1,24.378,19.700,4.678,0.014,0.149,1.009,0.143,3.360,52.4,100548.6,1920.0,31.3,100049.6,3200.0,1,28800,5.33,0.160,202.6
254,1920,0,0.1,21.528,17.620,3.908,0.008,0.117,0.101,0.108,3.572,52.4,100548.6,1920.0,31.3,100049.6,3200.0,1,28800,5.33,0.160,202.6
255,1920,0,0.1,6.271,2.478,3.793,0.008,0.102,0.141,0.306,3.234,52.4,100548.6,1920.0,31.3,100049.6,3200.0,1,28800,5.12,0.160,202.9
256,3840,0,0.1,26.724,21.668,5.056,0.015,0.441,1.066,0.164,3.367,52.4,100548.6,1920.0,31.3,100049.6,3200.0,1,28800,5.12,0.160,202.9
257,3840,0,0.1,26.690,21.902,4.788,0.015,0.150,1.045,0.149,3.426,52.4,100548.6,1920.0,31.3,100049.6,3200.0,1,28800,5.12,0.160,202.9
258,3840,0,0.1,24.372,20.324,4.048,0.015,0.154,0.274,0.147,3.456,52.4,100548.6,1920.0,31.3,100049.6,3200.0,1,28800,5.12,0.160,202.9
259,1920,0,0.1,22.231,17.927,4.304,0.008,0.116,0.490,0.252,3.435,52.4,100548.6,1920.0,31.3,100049.6,3200.0,1,28800,5.12,0.134,202.9
260,1920,0,0.1,10.101,5.729,4.372,0.007,0.373,0.541,0.095,3.354,52.4,100548.6,1920.0,31.3,100049.6,3200.0,1,28800,5.12,0.134,202.9
261,3840,0,0.1,28.880,24.017,4.863,0.015,0.146,1.070,0.146,3.486,52.4,100548.6,1920.0,31.3,100049.6,3200.0,1,28800,5.12,0.134,202.9
262,3840,0,0.1,27.021,22.841,4.180,0.014,0.153,0.395,0.144,3.472,52.4,100548.6,1920.0,31.3,100049.6,3200.0,1,28800,5.12,0.134,202.9
263,3840,0,0.1,27.004,21.762,5.242,0.014,0.441,0.947,0.360,3.476,52.4,100548.6,1920.0,31.3,100049.6,3200.0,1,28800,5.07,0.134,202.8
264,3840,0,0.1,27.207,22.277,4.930,0.016,0.150,1.084,0.150,3.527,52.4,100548.6,1920.0,31.3,100049.6,3200.0,1,28800,5.07,0.134,202.8
265,3840,0,0.1,25.153,20.748,4.405,0.015,0.152,0.541,0.133,3.563,52.4,100548.6,1920.0,31.3,100049.6,3200.0,1,28800,5.07,0.134,202.8
266,1920,0,0.1,22.312,18.119,4.193,0.008,0.122,0.251,0.290,3.520,52.4,100548.6,1920.0,31.3,100049.6,3200.0,1,28800,5.07,0.141,202.8
267,1920,0,0.1,10.339,5.799,4.540,0.007,0.420,0.531,0.088,3.491,52.4,100548.6,1920.0,31.3,100049.6,3200.0,1,28800,5.07,0.141,202.8
268,3840,0,0.1,28.550,23.604,4.946,0.015,0.146,1.061,0.147,3.574,52.4,100548.6,1920.0,31.3,100049.6,3200.0,1,28800,5.07,0.141,202.8
269,3840,0,0.1,27.193,22.644,4.549,0.015,0.152,0.651,0.147,3.581,52.4,100548.6,1920.0,31.3,100049.6,3200.0,1,28800,5.07,0.141,202.8
270,3840,0,0.1,26.446,21.316,5.130,0.015,0.456,0.641,0.387,3.630,52.4,100548.6,1920.0,31.3,100049.6,3200.0,1,28800,4.96,0.141,202.7
271,3840,0,0.1,26.825,21.854,4.971,0.014,0.148,1.070,0.148,3.587,52.4,100548.6,1920.0,31.3,100049.6,3200.0,1,28800,4.96,0.141,202.7
272,3840,0,0.1,26.638,21.914,4.724,0.015,0.151,0.740,0.146,3.670,52.4,100548.6,1920.0,31.3,100049.6,3200.0,1,28800,4.96,0.141,202.7
273,3840,0,0.1,25.274,20.541,4.733,0.016,0.151,0.524,0.362,3.677,52.4,100548.6,1920.0,31.3,100049.6,3200.0,1,28800,4.96,0.153,202.7
274,3840,0,0.1,26.811,21.523,5.288,0.015,0.458,1.035,0.150,3.628,52.4,100649.0,1920.0,34.9,100953.3,2893.0,1,28800,4.96,0.153,202.7
275,3840,0,0.1,27.065,22.727,4.338,0.015,0.152,0.363,0.153,3.653,52.4,100649.0,1920.0,34.9,100953.3,2893.0,1,28800,4.96,0.153,202.7
276,3840,0,0.1,26.405,21.769,4.636,0.014,0.156,0.404,0.341,3.718,52.4,100649.0,1920.0,34.9,100953.3,2893.0,1,28800,33.64,0.153,196.0
277,3840,0,0.1,29.432,24.109,5.323,0.015,0.462,1.014,0.150,3.681,52.4,100649.0,1920.0,34.9,100953.3,2893.0,1,28800,33.64,0.153,196.0
278,3840,0,0.1,30.987,25.911,5.076,0.015,0.150,0.962,0.151,3.796,52.4,100649.0,1920.0,34.9,100953.3,2893.0,1,28800,33.64,0.153,196.0
279,3840,0,0.1,30.556,26.031,4.525,0.015,0.157,0.294,0.330,3.726,52.4,100649.0,1920.0,34.9,100953.3,2893.0,1,28800,33.64,2.239,196.0
280,3840,0,0.1,33.737,28.326,5.411,0.015,0.465,1.033,0.160,3.736,52.4,100649.0,1920.0,34.9,100953.3,2893.0,1,28800,33.64,2.239,196.0
281,3840,0,0.1,33.945,28.731,5.214,0.015,0.152,1.065,0.146,3.833,52.4,100649.0,1920.0,34.9,100953.3,2893.0,1,28800,33.64,2.239,196.0
282,3840,0,0.1,32.478,27.928,4.550,0.015,0.155,0.245,0.362,3.770,52.4,100649.0,1920.0,34.9,100953.3,2893.0,1,28800,30.02,2.239,195.9
283,3840,0,0.1,35.249,29.792,5.457,0.015,0.463,1.029,0.170,3.778,52.4,100649.0,1920.0,34.9,100953.3,2893.0,1,28800,30.02,2.239,195.9
284,3840,0,0.1,34.455,29.187,5.268,0.014,0.154,1.054,0.165,3.879,52.4,100649.0,1920.0,34.9,100953.3,2893.0,1,28800,30.02,2.239,195.9
285,3840,0,0.1,31.939,27.482,4.457,0.015,0.157,0.278,0.163,3.842,52.4,100649.0,1920.0,34.9,100953.3,2893.0,1,28800,30.02,2.239,195.9
286,3840,0,0.1,31.121,25.410,5.711,0.015,0.467,1.014,0.406,3.807,52.4,100649.0,1920.0,34.9,100953.3,2893.0,1,28800,30.02,2.257,195.9
287,3840,0,0.1,31.759,26.461,5.298,0.014,0.154,1.078,0.152,3.898,52.4,100649.0,1920.0,34.9,100953.3,2893.0,1,28800,30.02,2.257,195.9
288,3840,0,0.1,28.820,24.240,4.580,0.015,0.152,0.368,0.158,3.885,52.4,100649.0,1920.0,34.9,100953.3,2893.0,1,28800,30.02,2.257,195.9
289,3840,0,0.1,27.388,21.731,5.657,0.015,0.459,0.918,0.392,3.871,52.4,100649.0,1920.0,34.9,100953.3,2893.0,1,28800,26.93,2.257,195.6
290,3840,0,0.1,27.693,22.288,5.405,0.015,0.171,1.077,0.149,3.991,52.4,100649.0,1920.0,34.9,100953.3,2893.0,1,28800,26.93,2.257,195.6
291,3840,0,0.1,25.242,20.463,4.779,0.014,0.162,0.505,0.135,3.959,52.4,100649.0,1920.0,34.9,100953.3,2893.0,1,28800,26.93,2.257,195.6
292,1920,0,0.1,23.401,18.782,4.619,0.007,0.127,0.232,0.320,3.929,52.4,100649.0,1920.0,34.9,100953.3,2893.0,1,28800,26.93,2.259,195.6
293,1920,0,0.1,9.164,4.384,4.780,0.008,0.394,0.538,0.086,3.753,52.4,100649.0,1920.0,34.9,100953.3,2893.0,1,28800,26.93,2.259,195.6
294,3840,0,0.1,27.746,22.368,5.378,0.015,0.149,1.052,0.152,4.007,52.4,100649.0,1920.0,34.9,100953.3,2893.0,1,28800,26.93,2.259,195.6
295,3840,0,0.1,27.154,22.215,4.939,0.015,0.155,0.625,0.137,4.006,52.4,100649.0,1920.0,34.9,100953.3,2893.0,1,28800,26.93,2.259,195.6
296,3840,0,0.1,28.681,22.460,6.221,0.015,0.442,1.009,0.289,4.463,52.4,100649.0,1920.0,34.9,100953.3,2893.0,1,28800,24.28,2.259,194.7
297,3840,0,0.1,33.187,27.105,6.082,0.015,0.151,1.772,0.147,3.996,52.4,100649.0,1920.0,34.9,100953.3,2893.0,1,28800,24.28,2.259,194.7
298,3840,0,0.1,30.773,25.709,5.064,0.015,0.159,0.718,0.145,4.025,52.4,100649.0,1920.0,34.9,100953.3,2893.0,1,28800,24.28,2.259,194.7
299,3840,0,0.1,30.951,25.784,5.167,0.015,0.157,0.545,0.355,4.093,52.4,100649.0,1920.0,34.9,100953.3,2893.0,1,28800,24.28,2.280,194.7
300,3840,0,0.1,33.540,27.770,5.770,0.015,0.499,1.023,0.156,4.075,52.4,100649.0,1920.0,34.9,100953.3,2893.0,1,28800,24.28,2.280,194.7
301,3840,0,0.1,33.428,28.147,5.281,0.014,0.153,0.812,0.147,4.151,52.4,100649.0,1920.0,34.9,100953.3,2893.0,1,28800,24.28,2.280,194.7
302,3840,0,0.1,31.798,26.766,5.032,0.015,0.157,0.401,0.316,4.142,52.4,100649.0,1920.0,34.9,100953.3,2893.0,1,28800,22.02,2.280,193.8
303,3840,0,0.1,34.749,28.949,5.800,0.015,0.521,1.013,0.151,4.098,52.4,100649.0,1920.0,34.9,100953.3,2893.0,1,28800,22.02,2.280,193.8
304,3840,0,0.1,35.087,29.579,5.508,0.015,0.157,0.976,0.169,4.190,52.4,100649.0,1920.0,34.9,100953.3,2893.0,1,28800,22.02,2.280,193.8
305,3840,0,0.1,34.216,29.312,4.904,0.015,0.159,0.292,0.324,4.112,52.4,100649.0,1920.0,34.9,100953.3,2893.0,1,28800,22.02,2.280,193.8
306,3840,0,0.1,36.150,30.296,5.854,0.015,0.474,1.058,0.150,4.154,52.4,100649.0,1920.0,34.9,100953.3,2893.0,1,28800,22.02,2.280,193.8
307,3840,0,0.1,35.615,29.979,5.636,0.015,0.154,1.049,0.158,4.257,52.4,100649.0,1920.0,34.9,100953.3,2893.0,1,28800,22.02,2.280,193.8
308,3840,0,0.1,35.206,30.205,5.001,0.015,0.159,0.211,0.446,4.166,52.4,100649.0,1920.0,34.9,100953.3,2893.0,1,28800,20.06,2.280,193.2
309,3840,0,0.1,37.850,31.969,5.881,0.014,0.471,1.033,0.148,4.213,52.4,100649.0,1920.0,34.9,100953.3,2893.0,1,28800,20.06,2.280,193.2
310,3840,0,0.1,37.153,31.466,5.687,0.015,0.153,1.034,0.172,4.310,52.4,100649.0,1920.0,34.9,100953.3,2893.0,1,28800,20.06,2.280,193.2
311,3840,0,0.1,35.228,30.341,4.887,0.015,0.159,0.270,0.169,4.272,52.4,100649.0,1920.0,34.9,100953.3,2893.0,1,28800,20.06,2.280,193.2
312,3840,0,0.1,34.533,28.432,6.101,0.014,0.477,1.014,0.353,4.240,52.4,100649.0,1920.0,34.9,100953.3,2893.0,1,28800,20.06,2.273,193.2
313,3840,0,0.1,36.840,31.436,5.404,0.014,0.155,0.794,0.148,4.290,52.4,100649.0,1920.0,34.9,100953.3,2893.0,1,28800,20.06,2.273,193.2
314,3840,0,0.1,37.849,32.908,4.941,0.015,0.156,0.100,0.239,4.429,52.4,100649.0,1920.0,34.9,100953.3,2893.0,1,28800,20.06,2.273,193.2
315,3840,0,0.1,35.979,31.237,4.742,0.015,0.512,0.880,0.391,2.941,52.4,100649.0,1920.0,34.9,100953.3,2893.0,1,28800,37.91,2.273,186.3
316,3840,0,0.1,36.603,32.988,3.615,0.015,0.160,1.066,0.153,2.219,52.4,100649.0,1920.0,34.9,100953.3,2893.0,1,28800,37.91,2.273,186.3
317,3840,0,0.1,34.125,31.065,3.060,0.014,0.158,0.527,0.132,2.226,52.4,100649.0,1920.0,34.9,100953.3,2893.0,1,28800,37.91,2.273,186.3
318,3840,0,0.1,33.156,29.213,3.943,0.015,0.480,0.751,0.412,2.239,52.4,100649.0,1920.0,34.9,100953.3,2893.0,1,28800,37.91,4.385,186.3
319,3840,0,0.1,34.049,30.361,3.688,0.014,0.152,1.071,0.147,2.301,52.4,100649.0,1920.0,34.9,100953.3,2893.0,1,28800,37.91,4.385,186.3
320,3840,0,0.1,33.040,29.753,3.287,0.015,0.154,0.625,0.157,2.334,52.4,100649.0,1920.0,34.9,100953.3,2893.0,1,28800,37.91,4.385,186.3
321,3840,0,0.1,31.684,27.802,3.882,0.015,0.488,0.636,0.403,2.337,52.4,100649.0,1920.0,34.9,100953.3,2893.0,1,28800,34.21,4.385,185.6
322,3840,0,0.1,32.521,28.878,3.643,0.015,0.150,1.030,0.172,2.273,52.4,100649.0,1920.0,34.9,100953.3,2893.0,1,28800,34.21,4.385,185.6
323,3840,0,0.1,28.882,25.465,3.417,0.014,0.158,0.696,0.148,2.397,52.4,100649.0,1920.0,34.9,100953.3,2893.0,1,28800,34.21,4.385,185.6
324,3840,0,0.1,25.835,22.467,3.368,0.015,0.159,0.497,0.347,2.348,52.4,100649.0,1920.0,34.9,100953.3,2893.0,1,28800,34.21,4.402,185.6
325,3840,0,0.1,27.603,23.641,3.962,0.015,0.495,0.986,0.142,2.320,52.4,100649.0,1920.0,34.9,100953.3,2893.0,1,28800,34.21,4.402,185.6
326,3840,0,0.1,25.065,21.498,3.567,0.015,0.154,0.801,0.171,2.424,52.4,100649.0,1920.0,34.9,100953.3,2893.0,1,28800,34.21,4.402,185.6
327,1920,0,0.1,21.897,18.937,2.960,0.008,0.118,0.050,0.109,2.673,52.4,100548.6,1920.0,34.9,100953.3,2893.0,1,28800,34.21,4.402,185.6
328,1920,0,0.1,4.161,1.077,3.084,0.008,0.109,0.359,0.270,2.334,52.4,100548.6,1920.0,34.9,100953.3,2893.0,1,28800,30.75,4.402,185.5
329,3840,0,0.1,23.474,19.518,3.956,0.015,0.447,0.999,0.157,2.335,52.4,100548.6,1920.0,27.2,100752.5,3700.0,1,28800,30.75,4.402,185.5
330,1920,0,0.1,18.834,15.690,3.144,0.008,0.117,0.490,0.082,2.445,52.4,100548.6,1920.0,27.2,100752.5,3700.0,1,28800,30.75,4.402,185.5
331,3840,0,0.1,32.990,29.719,3.271,0.015,0.156,0.467,0.151,2.480,52.4,100548.6,1920.0,27.2,100752.5,3700.0,1,28800,30.75,4.402,185.5
332,3840,0,0.1,28.233,24.194,4.039,0.015,0.477,0.712,0.375,2.457,52.4,100548.6,1920.0,27.2,100752.5,3700.0,1,28800,30.75,4.400,185.5
333,3840,0,0.1,28.469,24.650,3.819,0.015,0.154,0.969,0.161,2.518,52.4,100548.6,1920.0,27.2,100752.5,3700.0,1,28800,30.75,4.400,185.5
334,3840,0,0.1,26.071,22.639,3.432,0.015,0.159,0.581,0.135,2.538,52.4,100548.6,1920.0,27.2,100752.5,3700.0,1,28800,30.75,4.400,185.5
335,1920,0,0.1,21.071,17.883,3.188,0.008,0.123,0.141,0.393,2.520,52.4,100548.6,1920.0,27.2,100752.5,3700.0,1,28800,27.77,4.400,185.3
336,1920,0,0.1,8.031,4.552,3.479,0.008,0.409,0.493,0.100,2.467,52.4,100548.6,1920.0,27.2,100752.5,3700.0,1,28800,27.77,4.400,185.3
337,3840,0,0.1,24.635,20.745,3.890,0.015,0.152,0.979,0.177,2.565,52.4,100548.6,1920.0,27.2,100752.5,3700.0,1,28800,27.77,4.400,185.3
338,1920,0,0.1,21.735,18.484,3.251,0.007,0.121,0.495,0.083,2.543,52.4,100548.6,1920.0,27.2,100752.5,3700.0,1,28800,27.77,4.400,185.3
339,1920,0,0.1,4.868,2.028,2.840,0.007,0.105,0.181,0.080,2.465,52.4,100548.6,1920.0,27.2,100752.5,3700.0,1,28800,27.77,4.400,185.3
340,1920,0,0.1,19.583,16.477,3.106,0.007,0.119,0.051,0.111,2.816,52.4,100548.6,1920.0,27.2,100752.5,3700.0,1,28800,27.77,4.400,185.3
341,1920,0,0.1,3.837,0.506,3.331,0.008,0.110,0.442,0.263,2.505,52.4,100548.6,1920.0,27.2,100752.5,3700.0,1,28800,27.77,4.412,185.3
342,1920,0,0.1,22.442,18.781,3.661,0.008,0.445,0.503,0.085,2.617,52.4,100548.6,1920.0,27.2,100752.5,3700.0,1,28800,27.77,4.412,185.3
343,1920,0,0.1,10.294,2.280,8.014,0.008,0.101,0.482,4.984,2.437,52.4,100548.6,1920.0,27.2,100752.5,3700.0,1,28800,27.77,4.412,185.3
344,3840,0,0.1,25.168,21.467,3.701,0.015,0.157,0.807,0.116,2.604,52.4,100548.6,1920.0,27.2,100752.5,3700.0,1,28800,27.77,4.412,185.3
345,1920,0,0.1,20.073,16.924,3.149,0.008,0.122,0.050,0.069,2.899,52.4,100548.6,1920.0,27.2,100752.5,3700.0,1,28800,27.77,4.412,185.3
346,1920,0,0.1,4.299,1.000,3.299,0.008,0.107,0.343,0.272,2.567,52.4,100548.6,1920.0,27.2,100752.5,3700.0,1,28800,25.25,4.412,191.6
347,3840,0,0.1,24.520,20.291,4.229,0.016,0.483,1.014,0.117,2.595,52.4,100548.6,1920.0,27.2,100752.5,3700.0,1,28800,25.25,4.412,191.6
348,1920,0,0.1,21.403,18.069,3.334,0.008,0.119,0.538,0.060,2.608,52.4,100548.6,1920.0,27.2,100752.5,3700.0,1,28800,25.25,4.412,191.6
349,1920,0,0.1,5.284,2.087,3.197,0.007,0.105,0.427,0.060,2.596,52.4,100548.6,1920.0,27.2,100752.5,3700.0,1,28800,25.25,4.412,191.6
350,1920,0,0.1,21.261,18.047,3.214,0.007,0.120,0.057,0.065,2.962,52.4,100548.6,1920.0,27.2,100752.5,3700.0,1,28800,25.25,4.412,191.6
351,1920,0,0.1,4.423,1.184,3.239,0.007,0.107,0.228,0.265,2.628,52.4,100548.6,1920.0,27.2,100752.5,3700.0,1,28800,25.25,2.335,191.6
352,3840,0,0.1,25.836,21.525,4.311,0.015,0.480,0.978,0.118,2.719,52.4,100548.6,1920.0,27.2,100752.5,3700.0,1,28800,25.25,2.335,191.6
353,1920,0,0.1,21.941,18.594,3.347,0.008,0.117,0.492,0.063,2.666,52.4,100548.6,1920.0,27.2,100752.5,3700.0,1,28800,25.25,2.335,191.6
354,1920,0,0.1,5.483,2.164,3.319,0.008,0.102,0.520,0.059,2.628,52.4,100548.6,1920.0,27.2,100752.5,3700.0,1,28800,25.25,2.335,191.6
355,1920,0,0.1,19.931,16.672,3.259,0.008,0.119,0.102,0.073,2.953,52.4,100548.6,1920.0,27.2,100752.5,3700.0,1,28800,25.25,2.335,191.6
356,1920,0,0.1,3.885,0.751,3.134,0.009,0.107,0.117,0.265,2.634,52.4,100548.6,1920.0,27.2,100752.5,3700.0,1,28800,22.85,2.335,191.7
357,3840,0,0.1,24.700,20.379,4.321,0.016,0.486,1.015,0.115,2.686,52.4,100548.6,1920.0,27.2,100752.5,3700.0,1,28800,22.85,2.335,191.7
358,1920,0,0.1,20.411,16.986,3.425,0.007,0.118,0.516,0.061,2.720,52.4,100548.6,1920.0,27.2,100752.5,3700.0,1,28800,22.85,2.335,191.7
359,1920,0,0.1,4.756,1.379,3.377,0.008,0.102,0.503,0.061,2.702,52.4,100548.6,1920.0,27.2,100752.5,3700.0,1,28800,22.85,2.335,191.7
360,1920,0,0.1,21.488,18.150,3.338,0.008,0.120,0.218,0.068,2.921,52.4,100548.6,1920.0,27.2,100752.5,3700.0,1,28800,22.85,2.335,191.7
361,1920,0,0.1,4.518,1.561,2.957,0.008,0.107,0.046,0.062,2.730,52.4,100548.6,1920.0,27.2,100752.5,3700.0,1,28800,22.85,2.335,191.7
362,1920,0,0.1,19.258,15.650,3.608,0.007,0.122,0.481,0.203,2.794,52.4,100548.6,1920.0,27.2,100752.5,3700.0,1,28800,22.85,2.314,191.7
363,1920,0,0.1,6.617,2.838,3.779,0.008,0.435,0.519,0.064,2.751,52.4,100548.6,1920.0,27.2,100752.5,3700.0,1,28800,22.85,2.314,191.7
364,1920,0,0.1,21.311,17.774,3.537,0.008,0.122,0.519,0.061,2.826,52.4,100548.6,1920.0,27.2,100752.5,3700.0,1,28800,22.85,2.314,191.7
365,1920,0,0.1,5.001,1.558,3.443,0.008,0.107,0.510,0.062,2.754,52.4,100548.6,1920.0,27.2,100752.5,3700.0,1,28800,22.85,2.314,191.7
366,1920,0,0.1,20.013,16.645,3.368,0.008,0.121,0.339,0.063,2.835,52.4,100548.6,1920.0,27.2,100752.5,3700.0,1,28800,22.85,2.314,191.7
367,1920,0,0.1,3.936,0.981,2.955,0.007,0.105,0.047,0.061,2.735,52.4,100548.6,1920.0,27.2,100752.5,3700.0,1,28800,22.85,2.314,191.7
368,1920,0,0.1,18.006,14.427,3.579,0.008,0.121,0.388,0.253,2.807,52.4,100548.6,1920.0,27.2,100752.5,3700.0,1,28800,20.85,2.314,192.0
369,3840,0,0.1,37.048,32.532,4.516,0.015,0.498,1.039,0.116,2.845,52.4,100548.6,1920.0,27.2,100752.5,3700.0,1,28800,20.85,2.314,192.0
370,3840,0,0.1,35.348,31.185,4.163,0.016,0.158,0.949,0.117,2.921,52.4,100548.6,1920.0,27.2,100752.5,3700.0,1,28800,20.85,2.314,192.0
371,3840,0,0.1,31.807,28.160,3.647,0.015,0.162,0.296,0.306,2.866,52.4,100548.6,1920.0,27.2,100752.5,3700.0,1,28800,20.85,2.314,192.0
372,3840,0,0.1,31.517,26.981,4.536,0.015,0.496,1.047,0.119,2.856,52.4,100548.6,1920.0,27.2,100752.5,3700.0,1,28800,20.85,2.314,192.0
373,3840,0,0.1,29.509,25.215,4.294,0.015,0.159,1.056,0.119,2.943,52.4,100548.6,1920.0,27.2,100752.5,3700.0,1,28800,20.85,2.314,192.0
374,3840,0,0.1,25.570,21.901,3.669,0.015,0.159,0.234,0.341,2.918,52.4,100548.6,1920.0,27.2,100752.5,3700.0,1,28800,19.11,2.314,192.6
375,3840,0,0.1,26.310,21.757,4.553,0.015,0.503,0.978,0.118,2.936,52.4,100548.6,1920.0,27.2,100752.5,3700.0,1,28800,19.11,2.314,192.6
376,1920,0,0.1,22.072,18.352,3.720,0.007,0.123,0.497,0.062,3.027,52.4,100548.6,1920.0,27.2,100752.5,3700.0,1,28800,19.11,2.314,192.6
377,1920,0,0.1,6.507,2.451,4.056,0.009,0.109,0.483,0.058,3.395,52.4,100548.6,1920.0,27.2,100752.5,3700.0,1,28800,19.11,2.314,192.6
378,1920,0,0.1,21.318,17.695,3.623,0.007,0.125,0.211,0.080,3.197,52.4,100548.6,1920.0,27.2,100752.5,3700.0,1,28800,19.11,2.314,192.6
379,1920,0,0.1,4.843,1.708,3.135,0.008,0.112,0.049,0.063,2.901,52.4,100548.6,1920.0,27.2,100752.5,3700.0,1,28800,19.11,2.314,192.6
380,1920,0,0.1,20.808,17.039,3.769,0.008,0.125,0.444,0.209,2.980,52.4,100548.6,1920.0,27.2,100752.5,3700.0,1,28800,19.11,2.310,192.6
381,1920,0,0.1,8.241,4.298,3.943,0.007,0.444,0.480,0.065,2.943,52.4,100548.6,1920.0,27.2,100752.5,3700.0,1,28800,19.11,2.310,192.6
382,3840,0,0.1,24.899,20.588,4.311,0.015,0.178,0.953,0.121,3.041,52.4,100548.6,1920.0,27.2,100752.5,3700.0,1,28800,19.11,2.310,192.6
383,1920,0,0.1,21.730,18.106,3.624,0.008,0.122,0.314,0.093,3.085,52.4,100548.6,1920.0,27.2,100752.5,3700.0,1,28800,19.11,2.310,192.6
384,1920,0,0.1,5.130,1.936,3.194,0.008,0.110,0.046,0.059,2.970,52.4,100548.6,1920.0,27.2,100752.5,3700.0,1,28800,19.11,2.310,192.6
385,1920,0,0.1,20.048,16.286,3.762,0.008,0.125,0.363,0.263,3.002,52.4,100548.6,1920.0,27.2,100752.5,3700.0,1,28800,17.54,2.310,193.1
386,1920,0,0.1,7.671,3.699,3.972,0.008,0.429,0.513,0.068,2.951,52.4,100548.6,1920.0,27.2,100752.5,3700.0,1,28800,17.54,2.310,193.1
387,3840,0,0.1,25.010,20.687,4.323,0.015,0.157,0.965,0.122,3.061,52.4,100548.6,1920.0,27.2,100752.5,3700.0,1,28800,17.54,2.310,193.1
388,1920,0,0.1,22.482,18.799,3.683,0.007,0.122,0.423,0.060,3.066,52.4,100548.6,1920.0,27.2,100752.5,3700.0,1,28800,17.54,2.310,193.1
389,1920,0,0.1,5.436,2.196,3.240,0.008,0.107,0.051,0.057,3.014,52.4,100548.6,1920.0,27.2,100752.5,3700.0,1,28800,17.54,2.310,193.1
390,1920,0,0.1,20.620,16.898,3.722,0.008,0.124,0.237,0.267,3.085,52.4,100548.6,1920.0,27.2,100752.5,3700.0,1,28800,17.54,2.309,193.1
391,1920,0,0.1,8.197,4.159,4.038,0.007,0.442,0.515,0.063,3.008,52.4,100548.6,1920.0,27.2,100752.5,3700.0,1,28800,17.54,2.309,193.1
392,3840,0,0.1,25.203,20.774,4.429,0.014,0.160,1.017,0.119,3.116,52.4,100548.6,1920.0,27.2,100752.5,3700.0,1,28800,17.54,2.309,193.1
393,1920,0,0.1,22.645,18.844,3.801,0.008,0.124,0.523,0.062,3.081,52.4,100548.6,1920.0,27.2,100752.5,3700.0,1,28800,17.54,2.309,193.1
394,1920,0,0.1,5.928,2.591,3.337,0.009,0.109,0.093,0.062,3.062,52.4,100548.6,1920.0,27.2,100752.5,3700.0,1,28800,17.54,2.309,193.1
395,1920,0,0.1,21.162,17.360,3.802,0.008,0.124,0.145,0.332,3.192,52.4,100548.6,1920.0,27.2,100752.5,3700.0,1,28800,16.03,2.309,193.7
396,1920,0,0.1,8.963,4.319,4.644,0.008,1.038,0.493,0.066,3.037,52.4,100548.6,1920.0,27.2,100752.5,3700.0,1,28800,16.03,2.309,193.7
397,3840,0,0.1,24.899,20.438,4.461,0.014,0.158,1.015,0.117,3.154,52.4,100548.6,1920.0,27.2,100752.5,3700.0,1,28800,16.03,2.309,193.7
398,1920,0,0.1,22.652,18.831,3.821,0.007,0.123,0.510,0.060,3.118,52.4,100548.6,1920.0,27.2,100752.5,3700.0,1,28800,16.03,2.309,193.7
399,1920,0,0.1,6.137,2.662,3.475,0.008,0.109,0.211,0.058,3.087,52.4,100548.6,1920.0,27.2,100752.5,3700.0,1,28800,16.03,2.309,193.7
400,1920,0,0.1,22.016,18.297,3.719,0.007,0.127,0.051,0.068,3.464,52.4,100548.6,1920.0,27.2,100752.5,3700.0,1,28800,16.03,2.309,193.7
401,1920,0,0.1,8.056,4.270,3.786,0.007,0.101,0.433,0.202,3.040,52.4,100548.6,1920.0,27.2,100752.5,3700.0,1,28800,16.03,2.301,193.7
402,3840,0,0.1,27.283,22.465,4.818,0.014,0.512,0.969,0.125,3.194,52.4,100548.6,1920.0,27.2,100752.5,3700.0,1,28800,16.03,2.301,193.7
403,3840,0,0.1,24.769,20.411,4.358,0.014,0.163,0.808,0.119,3.252,52.4,100548.6,1920.0,27.2,100752.5,3700.0,1,28800,16.03,2.301,193.7
404,1920,0,0.1,21.999,18.234,3.765,0.007,0.124,0.051,0.066,3.514,52.4,100548.6,1920.0,27.2,100752.5,3700.0,1,28800,16.03,2.301,193.7
405,1920,0,0.1,5.652,1.742,3.910,0.008,0.114,0.364,0.273,3.149,52.4,100548.6,1920.0,27.2,100752.5,3700.0,1,28800,14.68,2.301,200.8
406,3840,0,0.1,25.135,20.215,4.920,0.017,0.504,1.021,0.116,3.259,52.4,100548.6,1920.0,27.2,100752.5,3700.0,1,28800,14.68,2.301,200.8
407,1920,0,0.1,21.777,17.841,3.936,0.007,0.123,0.527,0.060,3.217,52.0,99790.1,1920.0,27.2,100752.5,3700.0,1,28800,14.68,2.301,200.8
408,1920,0,0.1,5.792,2.000,3.792,0.007,0.107,0.426,0.092,3.158,52.0,99790.1,1920.0,27.2,100752.5,3700.0,1,28800,14.68,2.301,200.8
409,1920,0,0.1,21.080,17.267,3.813,0.008,0.125,0.057,0.065,3.555,52.0,99790.1,1920.0,27.2,100752.5,3700.0,1,28800,14.68,2.301,200.8
410,1920,0,0.1,5.496,1.615,3.881,0.008,0.115,0.232,0.285,3.237,52.0,99790.1,1920.0,40.4,99690.5,2465.0,1,28800,14.68,0.185,200.8
411,3840,0,0.1,25.697,20.737,4.960,0.015,0.550,0.993,0.116,3.283,52.0,99790.1,1920.0,40.4,99690.5,2465.0,1,28800,14.68,0.185,200.8
412,1920,0,0.1,22.263,18.244,4.019,0.007,0.117,0.536,0.064,3.292,52.0,99790.1,1920.0,40.4,99690.5,2465.0,1,28800,14.68,0.185,200.8
413,1920,0,0.1,6.495,2.584,3.911,0.007,0.111,0.529,0.058,3.204,52.0,99790.1,1920.0,40.4,99690.5,2465.0,1,28800,14.68,0.185,200.8
414,1920,0,0.1,22.677,18.464,4.213,0.008,0.141,0.113,0.071,3.877,52.0,99790.1,1920.0,40.4,99690.5,2465.0,1,28800,14.68,0.185,200.8
415,1920,0,0.1,5.477,1.675,3.802,0.008,0.112,0.145,0.267,3.268,52.0,99790.1,1920.0,40.4,99690.5,2465.0,1,28800,13.56,0.185,201.0
416,3840,0,0.1,24.798,19.756,5.042,0.014,0.528,1.030,0.113,3.352,52.0,99790.1,1920.0,40.4,99690.5,2465.0,1,28800,13.56,0.185,201.0
417,1920,0,0.1,22.839,18.760,4.079,0.007,0.123,0.530,0.061,3.355,52.0,99790.1,1920.0,40.4,99690.5,2465.0,1,28800,13.56,0.185,201.0
418,1920,0,0.1,6.877,2.906,3.971,0.008,0.110,0.510,0.059,3.282,52.0,99790.1,1920.0,40.4,99690.5,2465.0,1,28800,13.56,0.185,201.0
419,3840,0,0.1,24.162,20.133,4.029,0.015,0.163,0.248,0.118,3.483,52.0,99790.1,1920.0,40.4,99690.5,2465.0,1,28800,13.56,0.185,201.0
420,1920,0,0.1,22.576,18.338,4.238,0.007,0.127,0.480,0.194,3.426,52.0,99790.1,1920.0,40.4,99690.5,2465.0,1,28800,13.56,0.184,201.0
421,1920,0,0.1,10.049,5.655,4.394,0.008,0.464,0.524,0.064,3.329,52.0,99790.1,1920.0,40.4,99690.5,2465.0,1,28800,13.56,0.184,201.0
422,3840,0,0.1,28.472,23.648,4.824,0.015,0.163,1.050,0.118,3.476,52.0,99790.1,1920.0,40.4,99690.5,2465.0,1,28800,13.56,0.184,201.0
423,3840,0,0.1,26.219,22.075,4.144,0.015,0.164,0.388,0.116,3.459,52.0,99790.1,1920.0,40.4,99690.5,2465.0,1,28800,13.56,0.184,201.0
424,3840,0,0.1,24.950,19.695,5.255,0.015,0.515,0.908,0.352,3.463,52.0,99790.1,1920.0,40.4,99690.5,2465.0,1,28800,12.55,0.184,201.3
425,3840,0,0.1,27.583,22.714,4.869,0.015,0.160,1.093,0.119,3.479,52.0,99790.1,1920.0,40.4,99690.5,2465.0,1,28800,12.55,0.184,201.3
426,3840,0,0.1,25.877,21.520,4.357,0.015,0.187,0.516,0.116,3.521,52.0,99790.1,1920.0,40.4,99690.5,2465.0,1,28800,12.55,0.184,201.3
427,3840,0,0.1,24.811,19.629,5.182,0.015,0.522,0.768,0.325,3.549,52.0,99790.1,1920.0,40.4,99690.5,2465.0,1,28800,12.55,0.199,201.3
428,3840,0,0.1,26.986,22.066,4.920,0.015,0.163,1.042,0.119,3.578,52.0,99790.1,1920.0,40.4,99690.5,2465.0,1,28800,12.55,0.199,201.3
429,3840,0,0.1,24.989,20.500,4.489,0.015,0.163,0.610,0.113,3.587,52.0,99790.1,1920.0,40.4,99690.5,2465.0,1,28800,12.55,0.199,201.3
430,3840,0,0.1,24.748,19.591,5.157,0.015,0.531,0.643,0.390,3.576,52.0,99790.1,1920.0,40.4,99690.5,2465.0,1,28800,11.53,0.199,201.3
431,3840,0,0.1,26.982,22.051,4.931,0.014,0.157,1.037,0.120,3.601,52.0,99790.1,1920.0,40.4,99690.5,2465.0,1,28800,11.53,0.199,201.3
432,3840,0,0.1,24.468,19.834,4.634,0.015,0.166,0.710,0.117,3.624,52.0,99790.1,1920.0,40.4,99690.5,2465.0,1,28800,11.53,0.199,201.3
433,1920,0,0.1,21.241,16.995,4.246,0.007,0.127,0.053,0.067,3.988,52.0,99790.1,1920.0,40.4,99690.5,2465.0,1,28800,11.53,0.199,201.3
434,1920,0,0.1,6.480,2.181,4.299,0.008,0.120,0.457,0.235,3.478,52.0,99790.1,1920.0,40.4,99690.5,2465.0,1,28800,11.53,0.173,201.3
435,3840,0,0.1,25.350,20.065,5.285,0.015,0.563,0.999,0.116,3.588,52.0,99790.1,1920.0,40.4,99690.5,2465.0,1,28800,11.53,0.173,201.3
436,1920,0,0.1,21.361,17.026,4.335,0.008,0.124,0.520,0.083,3.600,52.0,99790.1,1920.0,40.4,99690.5,2465.0,1,28800,11.53,0.173,201.3
437,1920,0,0.1,6.147,2.321,3.826,0.007,0.113,0.096,0.057,3.551,52.0,99790.1,1920.0,40.4,99690.5,2465.0,1,28800,11.53,0.173,201.3
438,1920,0,0.1,21.094,16.920,4.174,0.009,0.128,0.050,0.068,3.917,52.0,99790.1,1920.0,40.4,99690.5,2465.0,1,28800,11.53,0.173,201.3
439,1920,0,0.1,5.886,1.603,4.283,0.007,0.109,0.385,0.267,3.514,52.0,99790.1,1920.0,40.4,99690.5,2465.0,1,28800,15.18,0.173,196.8
440,3840,0,0.1,25.360,19.988,5.372,0.015,0.526,1.063,0.113,3.651,52.0,99790.1,1920.0,40.4,99690.5,2465.0,1,28800,15.18,0.173,196.8
441,1920,0,0.1,22.365,18.068,4.297,0.007,0.127,0.394,0.064,3.703,52.0,99790.1,1920.0,40.4,99690.5,2465.0,1,28800,15.18,0.173,196.8
442,1920,0,0.1,6.590,2.780,3.810,0.008,0.112,0.045,0.062,3.581,52.0,99790.1,1920.0,40.4,99690.5,2465.0,1,28800,15.18,0.173,196.8
443,1920,0,0.1,22.529,18.314,4.215,0.008,0.129,0.055,0.072,3.949,52.0,99790.1,1920.0,40.4,99690.5,2465.0,1,28800,15.18,0.173,196.8
444,1920,0,0.1,6.497,2.273,4.224,0.009,0.114,0.247,0.272,3.580,52.0,99790.1,1920.0,40.4,99690.5,2465.0,1,28800,15.18,0.296,196.8
445,3840,0,0.1,26.889,21.431,5.458,0.015,0.523,1.077,0.116,3.723,52.0,99790.1,1920.0,40.4,99690.5,2465.0,1,28800,15.18,0.296,196.8
446,1920,0,0.1,23.306,18.845,4.461,0.007,0.125,0.543,0.056,3.727,52.0,99790.1,1920.0,40.4,99690.5,2465.0,1,28800,15.18,0.296,196.8
447,1920,0,0.1,7.656,3.316,4.340,0.008,0.110,0.538,0.061,3.623,52.0,99790.1,1920.0,40.4,99690.5,2465.0,1,28800,15.18,0.296,196.8
448,3840,0,0.1,23.933,19.422,4.511,0.014,0.170,0.251,0.335,3.737,52.0,99790.1,1920.0,40.4,99690.5,2465.0,1,28800,24.10,0.296,190.6
449,3840,0,0.1,25.571,20.077,5.494,0.015,0.534,1.063,0.121,3.757,52.0,99790.1,1920.0,40.4,99690.5,2465.0,1,28800,24.10,0.296,190.6
450,1920,0,0.1,22.820,18.264,4.556,0.008,0.123,0.550,0.058,3.814,52.0,99790.1,1920.0,40.4,99690.5,2465.0,1,28800,24.10,0.296,190.6
451,1920,0,0.1,7.685,3.350,4.335,0.009,0.116,0.528,0.058,3.622,52.0,99790.1,1920.0,40.4,99690.5,2465.0,1,28800,24.10,0.296,190.6
452,3840,0,0.1,26.152,21.689,4.463,0.015,0.168,0.271,0.119,3.888,52.0,99790.1,1920.0,40.4,99690.5,2465.0,1,28800,24.10,0.296,190.6
453,3840,0,0.1,26.769,20.230,6.539,0.015,1.372,1.007,0.371,3.773,52.0,99790.1,1920.0,40.4,99690.5,2465.0,1,28800,24.10,1.432,190.6
454,3840,0,0.1,27.807,22.584,5.223,0.015,0.163,1.032,0.117,3.894,52.0,99790.1,1920.0,40.4,99690.5,2465.0,1,28800,24.10,1.432,190.6
455,3840,0,0.1,28.144,23.622,4.522,0.015,0.167,0.373,0.115,3.849,52.0,99790.1,1920.0,40.4,99690.5,2465.0,1,28800,24.10,1.432,190.6
456,3840,0,0.1,26.660,20.993,5.667,0.014,0.533,0.878,0.367,3.874,52.0,99790.1,1920.0,40.4,99690.5,2465.0,1,28800,22.28,1.432,190.6
457,3840,0,0.1,30.324,25.092,5.232,0.015,0.165,1.001,0.119,3.930,52.0,99790.1,1920.0,40.4,99690.5,2465.0,1,28800,22.28,1.432,190.6
458,3840,0,0.1,30.808,26.112,4.696,0.015,0.169,0.464,0.133,3.913,52.0,99790.1,1920.0,40.4,99690.5,2465.0,1,28800,22.28,1.432,190.6
459,3840,0,0.1,29.889,24.236,5.653,0.015,0.569,0.721,0.320,4.023,52.0,99790.1,1920.0,40.4,99690.5,2465.0,1,28800,22.28,1.417,190.6
460,3840,0,0.1,32.357,27.056,5.301,0.015,0.163,1.009,0.122,3.990,52.0,99790.1,1920.0,40.4,99690.5,2465.0,1,28800,22.28,1.417,190.6
461,3840,0,0.1,32.071,27.178,4.893,0.014,0.167,0.592,0.110,4.007,52.0,99790.1,1920.0,40.4,99690.5,2465.0,1,28800,22.28,1.417,190.6
462,3840,0,0.1,31.125,25.525,5.600,0.014,0.541,0.654,0.368,4.020,52.0,99790.1,1920.0,40.4,99690.5,2465.0,1,28800,20.67,1.417,190.6
463,3840,0,0.1,33.763,28.415,5.348,0.014,0.164,1.010,0.122,4.035,52.0,99790.1,1920.0,40.4,99690.5,2465.0,1,28800,20.67,1.417,190.6
464,3840,0,0.1,33.238,28.158,5.080,0.015,0.163,0.723,0.116,4.060,52.0,99790.1,1920.0,40.4,99690.5,2465.0,1,28800,20.67,1.417,190.6
465,3840,0,0.1,31.884,26.583,5.301,0.014,0.171,0.527,0.315,4.272,52.0,99790.1,1920.0,40.4,99690.5,2465.0,1,28800,20.67,1.415,190.6
466,3840,0,0.1,34.943,29.096,5.847,0.015,0.589,1.021,0.119,4.101,52.0,99790.1,1920.0,40.4,99690.5,2465.0,1,28800,20.67,1.415,190.6
467,3840,0,0.1,36.367,31.125,5.242,0.016,0.171,0.896,0.117,4.038,52.0,99790.1,1920.0,40.4,99690.5,2465.0,1,28800,20.67,1.415,190.6
468,3840,0,0.1,37.556,32.473,5.083,0.014,0.172,0.433,0.336,4.125,52.0,99790.1,1920.0,40.4,99690.5,2465.0,1,28800,19.11,1.415,190.4
469,3840,0,0.1,41.282,35.530,5.752,0.015,0.544,1.001,0.121,4.069,52.0,99790.1,1920.0,40.4,99690.5,2465.0,1,28800,19.11,1.415,190.4
470,1920,0,0.1,26.778,22.197,4.581,0.008,0.113,0.507,0.060,3.891,52.0,99790.1,1920.0,40.4,99690.5,2465.0,1,28800,19.11,1.415,190.4
471,3840,0,0.1,26.920,21.984,4.936,0.016,0.168,0.476,0.117,4.158,52.0,99790.1,1920.0,40.4,99690.5,2465.0,1,28800,19.11,1.415,190.4
472,3840,0,0.1,25.119,19.311,5.808,0.015,0.576,0.741,0.332,4.142,52.0,99790.1,1920.0,40.4,99690.5,2465.0,1,28800,19.11,1.397,190.4
473,3840,0,0.1,28.070,22.543,5.527,0.015,0.166,1.029,0.119,4.194,52.2,100198.8,1920.0,40.4,99690.5,2465.0,1,28800,19.11,1.397,190.4
474,3840,0,0.1,28.204,23.097,5.107,0.015,0.198,0.620,0.115,4.158,52.2,100198.8,1920.0,31.8,100049.6,3150.0,1,28800,19.11,1.397,190.4
475,3840,0,0.1,27.499,21.708,5.791,0.015,0.543,0.660,0.359,4.212,52.2,100198.8,1920.0,31.8,100049.6,3150.0,1,28800,17.81,1.397,190.0
476,3840,0,0.1,31.657,26.046,5.611,0.015,0.167,1.064,0.117,4.245,52.2,100198.8,1920.0,31.8,100049.6,3150.0,1,28800,17.81,1.397,190.0
477,3840,0,0.1,32.595,27.280,5.315,0.015,0.167,0.723,0.116,4.291,52.2,100198.8,1920.0,31.8,100049.6,3150.0,1,28800,17.81,1.397,190.0
478,3840,0,0.1,32.879,27.565,5.314,0.014,0.169,0.541,0.308,4.278,52.2,100198.8,1920.0,31.8,100049.6,3150.0,1,28800,17.81,1.406,190.0
479,3840,0,0.1,36.354,30.360,5.994,0.015,0.544,1.064,0.116,4.253,52.2,100198.8,1920.0,31.8,100049.6,3150.0,1,28800,17.81,1.406,190.0
480,3840,0,0.1,35.301,29.686,5.615,0.015,0.170,0.883,0.115,4.431,52.2,100198.8,1920.0,31.8,100049.6,3150.0,1,28800,17.81,1.406,190.0
481,3840,0,0.1,33.395,28.143,5.252,0.015,0.173,0.427,0.301,4.333,52.2,100198.8,1920.0,31.8,100049.6,3150.0,1,28800,16.57,1.406,189.1
482,3840,0,0.1,34.803,29.696,5.107,0.015,0.561,1.114,0.117,3.296,52.2,100198.8,1920.0,31.8,100049.6,3150.0,1,28800,16.57,1.406,189.1
483,3840,0,0.1,32.693,29.069,3.624,0.015,0.169,1.027,0.123,2.288,52.2,100198.8,1920.0,31.8,100049.6,3150.0,1,28800,16.57,1.406,189.1
484,3840,0,0.1,30.544,27.500,3.044,0.015,0.171,0.311,0.284,2.260,52.2,100198.8,1920.0,31.8,100049.6,3150.0,1,28800,16.57,1.391,189.1
485,3840,0,0.1,29.955,25.932,4.023,0.016,0.563,1.091,0.119,2.231,52.2,100198.8,1920.0,31.8,100049.6,3150.0,1,28800,16.57,1.391,189.1
486,3840,0,0.1,26.129,22.390,3.739,0.015,0.166,1.099,0.116,2.341,52.2,100198.8,1920.0,31.8,100049.6,3150.0,1,28800,16.57,1.391,189.1
487,1920,0,0.1,20.921,18.083,2.838,0.008,0.131,0.084,0.067,2.546,52.2,100198.8,1920.0,31.8,100049.6,3150.0,1,28800,16.57,1.391,189.1
488,1920,0,0.1,3.631,0.900,2.731,0.008,0.119,0.150,0.265,2.185,52.2,100198.8,1920.0,31.8,100049.6,3150.0,1,28800,15.47,1.391,188.9
489,1920,0,0.1,21.066,17.608,3.458,0.008,0.518,0.550,0.064,2.316,52.2,100198.8,1920.0,31.8,100049.6,3150.0,1,28800,15.47,1.391,188.9
490,1920,0,0.1,4.915,2.033,2.882,0.007,0.110,0.538,0.057,2.166,52.2,100198.8,1920.0,31.8,100049.6,3150.0,1,28800,15.47,1.391,188.9
491,1920,0,0.1,20.351,17.265,3.086,0.008,0.130,0.551,0.057,2.340,52.2,100198.8,1920.0,31.8,100049.6,3150.0,1,28800,15.47,1.391,188.9
492,1920,0,0.1,4.126,1.152,2.974,0.008,0.116,0.531,0.061,2.255,52.2,100198.8,1920.0,31.8,100049.6,3150.0,1,28800,15.47,1.391,188.9
493,1920,0,0.1,19.116,16.201,2.915,0.008,0.134,0.200,0.068,2.504,52.2,100198.8,1920.0,31.8,100049.6,3150.0,1,28800,15.47,1.391,188.9
494,3840,0,0.1,33.724,30.317,3.407,0.015,0.172,0.527,0.333,2.358,52.2,100198.8,1920.0,31.8,100049.6,3150.0,1,28800,15.47,1.393,188.9
495,3840,0,0.1,33.578,29.513,4.065,0.016,0.572,1.018,0.117,2.338,52.2,100198.8,1920.0,31.8,100049.6,3150.0,1,28800,15.47,1.393,188.9
496,3840,0,0.1,29.261,25.727,3.534,0.014,0.174,0.838,0.121,2.385,52.2,100198.8,1920.0,31.8,100049.6,3150.0,1,28800,15.47,1.393,188.9
497,3840,0,0.1,25.288,21.925,3.363,0.014,0.175,0.431,0.298,2.442,52.2,100198.8,1920.0,31.8,100049.6,3150.0,1,28800,14.39,1.393,188.9
498,3840,0,0.1,24.436,20.279,4.157,0.015,0.585,1.034,0.116,2.406,52.2,100198.8,1920.0,31.8,100049.6,3150.0,1,28800,14.39,1.393,188.9
499,1920,0,0.1,20.559,17.416,3.143,0.008,0.134,0.518,0.060,2.422,52.2,100198.8,1920.0,31.8,100049.6,3150.0,1,28800,14.39,1.393,188.9
500,1920,0,0.1,4.179,1.229,2.950,0.008,0.114,0.421,0.060,2.346,52.2,100198.8,1920.0,31.8,100049.6,3150.0,1,28800,14.39,1.393,188.9
501,1920,0,0.1,18.915,15.885,3.030,0.007,0.136,0.058,0.064,2.761,52.2,100198.8,1920.0,31.8,100049.6,3150.0,1,28800,14.39,1.393,188.9
502,3840,0,0.1,33.186,29.047,4.139,0.015,0.569,0.772,0.337,2.444,52.2,100198.8,1920.0,31.8,100049.6,3150.0,1,28800,14.39,1.378,188.9
503,3840,0,0.1,31.521,27.684,3.837,0.015,0.168,1.064,0.118,2.469,52.2,100198.8,1920.0,31.8,100049.6,3150.0,1,28800,14.39,1.378,188.9
504,3840,0,0.1,27.516,24.066,3.450,0.015,0.171,0.618,0.117,2.528,52.2,100198.8,1920.0,31.8,100049.6,3150.0,1,28800,14.39,1.378,188.9
505,1920,0,0.1,22.231,19.056,3.175,0.007,0.145,0.150,0.319,2.551,52.2,100198.8,1920.0,31.8,100049.6,3150.0,1,28800,13.43,1.378,188.9
506,1920,0,0.1,8.124,4.561,3.563,0.008,0.503,0.523,0.065,2.461,52.2,100198.8,1920.0,31.8,100049.6,3150.0,1,28800,13.43,1.378,188.9
507,3840,0,0.1,24.995,21.061,3.934,0.015,0.168,1.051,0.120,2.578,52.2,100198.8,1920.0,31.8,100049.6,3150.0,1,28800,13.43,1.378,188.9
508,1920,0,0.1,21.000,17.754,3.246,0.008,0.158,0.529,0.057,2.493,52.2,100198.8,1920.0,31.8,100049.6,3150.0,1,28800,13.43,1.378,188.9
509,1920,0,0.1,4.169,1.308,2.861,0.008,0.115,0.191,0.060,2.486,52.2,100198.8,1920.0,31.8,100049.6,3150.0,1,28800,13.43,1.378,188.9
510,1920,0,0.1,18.071,14.985,3.086,0.008,0.154,0.053,0.066,2.801,52.2,100198.8,1920.0,31.8,100049.6,3150.0,1,28800,13.43,1.378,188.9
511,3840,0,0.1,34.281,29.803,4.478,0.014,0.583,0.992,0.323,2.562,52.2,100198.8,1920.0,31.8,100049.6,3150.0,1,28800,13.43,1.379,188.9
512,3840,0,0.1,33.368,29.420,3.948,0.015,0.171,1.057,0.117,2.586,52.2,100198.8,1920.0,31.8,100049.6,3150.0,1,28800,13.43,1.379,188.9
513,3840,0,0.1,34.887,27.250,7.637,0.015,0.172,0.404,4.482,2.563,52.2,100198.8,1920.0,31.8,100049.6,3150.0,1,28800,13.43,1.379,188.9
514,3840,0,0.1,33.244,28.817,4.427,0.014,0.570,0.892,0.368,2.579,52.2,100198.8,1920.0,31.8,100049.6,3150.0,1,28800,12.48,1.379,193.7
515,3840,0,0.1,35.455,31.466,3.989,0.015,0.173,1.018,0.121,2.659,52.2,100198.8,1920.0,31.8,100049.6,3150.0,1,28800,12.48,1.379,193.7
516,3840,0,0.1,33.480,30.021,3.459,0.015,0.176,0.472,0.112,2.682,52.2,100198.8,1920.0,31.8,100049.6,3150.0,1,28800,12.48,1.379,193.7
517,3840,0,0.1,32.049,27.668,4.381,0.015,0.575,0.747,0.358,2.684,52.2,100198.8,1920.0,31.8,100049.6,3150.0,1,28800,12.48,1.250,193.7
518,3840,0,0.1,34.368,30.318,4.050,0.015,0.167,1.030,0.119,2.715,52.2,100198.8,1920.0,31.8,100049.6,3150.0,1,28800,12.48,1.250,193.7
519,3840,0,0.1,33.018,29.299,3.719,0.015,0.174,0.621,0.119,2.787,52.2,100198.8,1920.0,31.8,100049.6,3150.0,1,28800,12.48,1.250,193.7
520,3840,0,0.1,31.898,27.523,4.375,0.014,0.595,0.677,0.369,2.716,52.2,100198.8,1920.0,31.8,100049.6,3150.0,1,28800,11.73,1.250,199.8
521,3840,0,0.1,33.418,29.304,4.114,0.014,0.172,1.052,0.121,2.751,52.2,100198.8,1920.0,31.8,100049.6,3150.0,1,28800,11.73,1.250,199.8
522,3840,0,0.1,32.190,28.346,3.844,0.014,0.176,0.718,0.123,2.810,52.2,100198.8,1920.0,31.8,100049.6,3150.0,1,28800,11.73,1.250,199.8
523,3840,0,0.1,31.051,27.165,3.886,0.015,0.176,0.532,0.353,2.808,52.2,100198.8,1920.0,31.8,100049.6,3150.0,1,28800,11.73,0.136,199.8
524,3840,0,0.1,33.468,28.934,4.534,0.015,0.588,1.048,0.119,2.761,52.2,100198.8,1920.0,31.8,100049.6,3150.0,1,28800,11.73,0.136,199.8
525,3840,0,0.1,33.295,29.288,4.007,0.015,0.173,0.885,0.120,2.812,52.2,100198.8,1920.0,31.8,100049.6,3150.0,1,28800,11.73,0.136,199.8
526,3840,0,0.1,32.713,28.938,3.775,0.015,0.173,0.435,0.301,2.849,52.2,100198.8,1920.0,31.8,100049.6,3150.0,1,28800,10.97,0.136,200.0
527,3840,0,0.1,34.543,29.996,4.547,0.015,0.598,1.018,0.115,2.798,52.2,100198.8,1920.0,31.8,100049.6,3150.0,1,28800,10.97,0.136,200.0
528,3840,0,0.1,34.372,30.200,4.172,0.015,0.174,0.980,0.123,2.877,52.2,100198.8,1920.0,31.8,100049.6,3150.0,1,28800,10.97,0.136,200.0
529,3840,0,0.1,32.884,29.273,3.611,0.015,0.176,0.293,0.290,2.835,52.2,100198.8,1920.0,31.8,100049.6,3150.0,1,28800,10.97,0.136,200.0
530,3840,0,0.1,33.346,28.742,4.604,0.015,0.581,1.008,0.118,2.880,52.2,100198.8,1920.0,31.8,100049.6,3150.0,1,28800,10.97,0.136,200.0
531,3840,0,0.1,31.750,27.473,4.277,0.016,0.175,1.036,0.117,2.931,52.2,100198.8,1920.0,31.8,100049.6,3150.0,1,28800,10.97,0.136,200.0
532,3840,0,0.1,28.555,24.870,3.685,0.014,0.175,0.246,0.335,2.911,52.2,100198.8,1920.0,31.8,100049.6,3150.0,1,28800,10.27,0.136,200.2
533,3840,0,0.1,29.146,24.513,4.633,0.014,0.594,0.997,0.119,2.906,52.4,100548.6,1920.0,31.8,100049.6,3150.0,1,28800,10.27,0.136,200.2
534,3840,0,0.1,27.696,23.414,4.282,0.015,0.173,0.997,0.121,2.974,52.4,100548.6,1920.0,29.9,100548.6,3360.0,1,28800,10.27,0.136,200.2
535,3840,0,0.1,25.256,21.638,3.618,0.015,0.178,0.238,0.127,3.057,52.4,100548.6,1920.0,29.9,100548.6,3360.0,1,28800,10.27,0.136,200.2
536,1920,0,0.1,22.184,18.389,3.795,0.008,0.142,0.494,0.206,2.943,52.4,100548.6,1920.0,29.9,100548.6,3360.0,1,28800,10.27,0.146,200.2
537,1920,0,0.1,9.363,5.334,4.029,0.008,0.544,0.505,0.062,2.907,52.4,100548.6,1920.0,29.9,100548.6,3360.0,1,28800,10.27,0.146,200.2
538,3840,0,0.1,25.439,21.070,4.369,0.015,0.175,1.009,0.122,3.045,52.4,100548.6,1920.0,29.9,100548.6,3360.0,1,28800,10.27,0.146,200.2
539,1920,0,0.1,21.981,18.349,3.632,0.008,0.140,0.334,0.064,3.084,52.4,100548.6,1920.0,29.9,100548.6,3360.0,1,28800,10.27,0.146,200.2
540,1920,0,0.1,5.180,2.008,3.172,0.008,0.126,0.047,0.060,2.930,52.4,100548.6,1920.0,29.9,100548.6,3360.0,1,28800,10.27,0.146,200.2
541,1920,0,0.1,20.589,16.795,3.794,0.009,0.138,0.390,0.239,3.018,52.4,100548.6,1920.0,29.9,100548.6,3360.0,1,28800,9.65,0.146,200.8
542,1920,0,0.1,8.460,4.334,4.126,0.008,0.542,0.517,0.066,2.991,52.4,100548.6,1920.0,29.9,100548.6,3360.0,1,28800,9.65,0.146,200.8
543,3840,0,0.1,25.424,20.993,4.431,0.015,0.175,1.029,0.123,3.087,52.4,100548.6,1920.0,29.9,100548.6,3360.0,1,28800,9.65,0.146,200.8
544,1920,0,0.1,21.346,17.713,3.633,0.008,0.141,0.222,0.064,3.196,52.4,100548.6,1920.0,29.9,100548.6,3360.0,1,28800,9.65,0.146,200.8
545,1920,0,0.1,5.081,1.817,3.264,0.008,0.126,0.052,0.061,3.014,52.4,100548.6,1920.0,29.9,100548.6,3360.0,1,28800,9.65,0.146,200.8
546,1920,0,0.1,19.075,15.339,3.736,0.007,0.139,0.273,0.300,3.013,52.4,100548.6,1920.0,29.9,100548.6,3360.0,1,28800,9.65,0.586,200.8
547,3840,0,0.1,38.029,33.169,4.860,0.015,0.608,1.037,0.120,3.078,52.4,100548.6,1920.0,29.9,100548.6,3360.0,1,28800,9.65,0.586,200.8
548,3840,0,0.1,35.498,30.953,4.545,0.015,0.175,1.061,0.118,3.174,52.4,100548.6,1920.0,29.9,100548.6,3360.0,1,28800,9.65,0.586,200.8
549,3840,0,0.1,31.890,28.026,3.864,0.015,0.205,0.248,0.336,3.059,52.4,100548.6,1920.0,29.9,100548.6,3360.0,1,28800,11.59,0.586,196.6
550,3840,0,0.1,32.109,27.172,4.937,0.015,0.623,1.040,0.119,3.137,52.4,100548.6,1920.0,29.9,100548.6,3360.0,1,28800,11.59,0.586,196.6
551,3840,0,0.1,29.777,25.184,4.593,0.015,0.177,1.051,0.121,3.227,52.4,100548.6,1920.0,29.9,100548.6,3360.0,1,28800,11.59,0.586,196.6
552,3840,0,0.1,26.175,22.358,3.817,0.015,0.177,0.246,0.119,3.257,52.4,100548.6,1920.0,29.9,100548.6,3360.0,1,28800,11.59,0.586,196.6
553,1920,0,0.1,22.952,18.885,4.067,0.008,0.142,0.469,0.253,3.192,52.4,100548.6,1920.0,29.9,100548.6,3360.0,1,28800,11.59,1.028,196.6
554,1920,0,0.1,9.940,5.643,4.297,0.008,0.543,0.525,0.064,3.154,52.4,100548.6,1920.0,29.9,100548.6,3360.0,1,28800,11.59,1.028,196.6
555,3840,0,0.1,27.291,22.695,4.596,0.015,0.176,1.015,0.118,3.269,52.4,100548.6,1920.0,29.9,100548.6,3360.0,1,28800,11.59,1.028,196.6
556,3840,0,0.1,23.669,19.760,3.909,0.015,0.178,0.381,0.115,3.217,52.4,100548.6,1920.0,29.9,100548.6,3360.0,1,28800,11.59,1.028,196.6
557,1920,0,0.1,20.637,16.639,3.998,0.007,0.141,0.392,0.243,3.214,52.4,100548.6,1920.0,29.9,100548.6,3360.0,1,28800,10.91,1.028,197.2
558,1920,0,0.1,8.664,4.310,4.354,0.007,0.597,0.529,0.063,3.157,52.4,100548.6,1920.0,29.9,100548.6,3360.0,1,28800,10.91,1.028,197.2
559,3840,0,0.1,25.835,21.015,4.820,0.015,0.174,1.065,0.119,3.445,52.4,100548.6,1920.0,29.9,100548.6,3360.0,1,28800,10.91,1.028,197.2
560,1920,0,0.1,22.787,18.870,3.917,0.008,0.138,0.463,0.063,3.243,52.4,100548.6,1920.0,29.9,100548.6,3360.0,1,28800,10.91,1.028,197.2
561,1920,0,0.1,6.166,2.720,3.446,0.008,0.132,0.052,0.065,3.187,52.4,100548.6,1920.0,29.9,100548.6,3360.0,1,28800,10.91,1.028,197.2
562,1920,0,0.1,21.423,17.492,3.931,0.008,0.151,0.250,0.270,3.251,52.4,100548.6,1920.0,29.9,100548.6,3360.0,1,28800,10.91,1.037,197.2
563,1920,0,0.1,8.885,4.523,4.362,0.008,0.581,0.528,0.062,3.181,52.4,100548.6,1920.0,29.9,100548.6,3360.0,1,28800,10.91,1.037,197.2
564,3840,0,0.1,25.685,20.927,4.758,0.015,0.174,1.076,0.119,3.371,52.4,100548.6,1920.0,29.9,100548.6,3360.0,1,28800,10.91,1.037,197.2
565,3840,0,0.1,23.942,19.627,4.315,0.015,0.179,0.636,0.116,3.367,52.4,100548.6,1920.0,29.9,100548.6,3360.0,1,28800,10.91,1.037,197.2
566,1920,0,0.1,20.905,16.929,3.976,0.008,0.144,0.187,0.304,3.331,52.4,100548.6,1920.0,29.9,100548.6,3360.0,1,28800,10.26,1.037,197.5
567,1920,0,0.1,9.048,4.580,4.468,0.007,0.552,0.553,0.064,3.289,52.4,100548.6,1920.0,29.9,100548.6,3360.0,1,28800,10.26,1.037,197.5
568,3840,0,0.1,25.578,20.741,4.837,0.015,0.179,1.117,0.118,3.405,52.4,100548.6,1920.0,29.9,100548.6,3360.0,1,28800,10.26,1.037,197.5
569,3840,0,0.1,24.057,19.542,4.515,0.015,0.181,0.761,0.123,3.434,52.4,100548.6,1920.0,29.9,100548.6,3360.0,1,28800,10.26,1.037,197.5
570,1920,0,0.1,21.432,17.514,3.918,0.007,0.145,0.051,0.068,3.644,52.4,100548.6,1920.0,29.9,100548.6,3360.0,1,28800,10.26,1.037,197.5
571,1920,0,0.1,6.154,1.996,4.158,0.008,0.134,0.502,0.246,3.266,52.4,100548.6,1920.0,29.9,100548.6,3360.0,1,28800,10.26,1.046,197.5
572,3840,0,0.1,26.308,21.083,5.225,0.015,0.620,1.091,0.114,3.381,52.4,100548.6,1920.0,29.9,100548.6,3360.0,1,28800,10.26,1.046,197.5
573,3840,0,0.1,24.771,20.104,4.667,0.016,0.182,0.895,0.119,3.453,52.4,100548.6,1920.0,29.9,100548.6,3360.0,1,28800,10.26,1.046,197.5
574,1920,0,0.1,21.861,17.901,3.960,0.008,0.150,0.050,0.064,3.685,52.4,100548.6,1920.0,29.9,100548.6,3360.0,1,28800,10.26,1.046,197.5
575,1920,0,0.1,6.171,2.029,4.142,0.008,0.132,0.396,0.277,3.327,52.4,100548.6,1920.0,29.9,100548.6,3360.0,1,28800,9.67,1.046,197.8
576,3840,0,0.1,26.924,21.614,5.310,0.015,0.633,1.077,0.121,3.461,52.4,100548.6,1920.0,29.9,100548.6,3360.0,1,28800,9.67,1.046,197.8
577,3840,0,0.1,24.288,19.464,4.824,0.015,0.181,1.002,0.118,3.506,52.4,100548.6,1920.0,29.9,100548.6,3360.0,1,28800,9.67,1.046,197.8
578,3840,0,0.1,23.906,19.620,4.286,0.015,0.183,0.333,0.306,3.447,52.4,100548.6,1920.0,29.9,100548.6,3360.0,1,28800,9.67,1.064,197.8
579,3840,0,0.1,24.998,19.720,5.278,0.015,0.620,1.028,0.118,3.495,52.4,100548.6,1920.0,29.9,100548.6,3360.0,1,28800,9.67,1.064,197.8
580,1920,0,0.1,22.245,17.989,4.256,0.007,0.140,0.511,0.059,3.535,52.4,100548.6,1920.0,29.9,100548.6,3360.0,1,28800,9.67,1.064,197.8
581,1920,0,0.1,7.188,3.105,4.083,0.008,0.130,0.505,0.058,3.380,52.4,100548.6,1920.0,29.9,100548.6,3360.0,1,28800,9.67,1.064,197.8
582,1920,0,0.1,23.035,18.934,4.101,0.008,0.143,0.103,0.065,3.779,52.4,100548.6,1920.0,29.9,100548.6,3360.0,1,28800,9.67,1.064,197.8
583,1920,0,0.1,6.180,2.184,3.996,0.008,0.131,0.142,0.274,3.439,52.4,100548.6,1920.0,29.9,100548.6,3360.0,1,28800,9.15,1.064,197.7
584,3840,0,0.1,26.599,21.276,5.323,0.015,0.620,1.013,0.115,3.556,52.4,100548.6,1920.0,29.9,100548.6,3360.0,1,28800,9.15,1.064,197.7
585,1920,0,0.1,23.168,18.883,4.285,0.008,0.140,0.515,0.060,3.561,52.4,100548.6,1920.0,29.9,100548.6,3360.0,1,28800,9.15,1.064,197.7
586,1920,0,0.1,7.277,3.131,4.146,0.007,0.129,0.503,0.059,3.446,52.4,100548.6,1920.0,29.9,100548.6,3360.0,1,28800,9.15,1.064,197.7
587,1920,0,0.1,23.074,18.912,4.162,0.008,0.143,0.217,0.072,3.719,52.4,100548.6,1920.0,29.9,100548.6,3360.0,1,28800,9.15,1.064,197.7
588,1920,0,0.1,6.114,2.384,3.730,0.008,0.132,0.047,0.067,3.474,52.4,100548.6,1920.0,29.9,100548.6,3360.0,1,28800,9.15,1.064,197.7
589,1920,0,0.1,21.606,17.151,4.455,0.008,0.146,0.490,0.207,3.602,52.4,100548.6,1920.0,29.9,100548.6,3360.0,1,28800,9.15,1.080,197.7
590,1920,0,0.1,9.634,4.978,4.656,0.007,0.567,0.505,0.063,3.511,52.4,100548.6,1920.0,29.9,100548.6,3360.0,1,28800,9.15,1.080,197.7
591,3840,0,0.1,26.498,21.529,4.969,0.015,0.181,0.999,0.118,3.653,52.4,100548.6,1920.0,29.9,100548.6,3360.0,1,28800,9.15,1.080,197.7
592,3840,0,0.1,24.250,19.884,4.366,0.015,0.186,0.348,0.117,3.698,52.4,100548.6,1920.0,29.9,100548.6,3360.0,1,28800,9.15,1.080,197.7
593,1920,0,0.1,22.529,18.102,4.427,0.008,0.144,0.374,0.249,3.650,52.4,100548.6,1920.0,29.9,100548.6,3360.0,1,28800,8.66,1.080,197.5
594,1920,0,0.1,10.666,5.904,4.762,0.007,0.579,0.503,0.063,3.606,52.4,100548.6,1920.0,29.9,100548.6,3360.0,1,28800,8.66,1.080,197.5
595,3840,0,0.1,30.392,25.314,5.078,0.015,0.181,1.045,0.118,3.715,52.4,100548.6,1920.0,29.9,100548.6,3360.0,1,28800,8.66,1.080,197.5
596,3840,0,0.1,31.797,27.188,4.609,0.015,0.186,0.465,0.116,3.825,52.4,100548.6,1920.0,29.9,100548.6,3360.0,1,28800,8.66,1.080,197.5
597,3840,0,0.1,31.846,26.386,5.460,0.015,0.697,0.734,0.320,3.691,52.4,100548.6,1920.0,29.9,100548.6,3360.0,1,28800,8.66,1.088,197.5
598,3840,0,0.1,36.360,31.271,5.089,0.015,0.206,0.987,0.118,3.759,52.4,100548.6,1920.0,29.9,100548.6,3360.0,1,28800,8.66,1.088,197.5
599,3840,0,0.1,35.875,31.431,4.444,0.015,0.184,0.376,0.112,3.756,52.4,100548.6,1920.0,29.9,100548.6,3360.0,1,28800,8.66,1.088,197.5
600,3840,0,0.1,35.404,29.933,5.471,0.015,0.635,0.657,0.370,3.792,52.4,100548.6,1920.0,29.9,100548.6,3360.0,1,28800,10.28,1.088,192.9
601,3840,0,0.1,40.719,35.551,5.168,0.015,0.183,1.022,0.147,3.798,52.4,100548.6,1920.0,29.9,100548.6,3360.0,1,28800,10.28,1.088,192.9
602,3840,0,0.1,36.165,31.256,4.909,0.015,0.208,0.711,0.122,3.851,52.4,100548.6,1920.0,29.9,100548.6,3360.0,1,28800,10.28,1.088,192.9
603,3840,0,0.1,34.795,29.841,4.954,0.015,0.191,0.534,0.350,3.862,52.0,99851.4,1920.0,29.9,100548.6,3360.0,1,28800,10.28,2.026,192.9
604,3840,0,0.1,36.148,30.558,5.590,0.015,0.638,1.003,0.118,3.814,52.0,99851.4,1920.0,34.5,99359.3,2880.0,1,28800,10.28,2.026,192.9
605,3840,0,0.1,35.780,30.731,5.049,0.015,0.186,0.837,0.153,3.857,52.0,99851.4,1920.0,34.5,99359.3,2880.0,1,28800,10.28,2.026,192.9
606,3840,0,0.1,34.615,29.776,4.839,0.015,0.185,0.433,0.306,3.896,52.0,99851.4,1920.0,34.5,99359.3,2880.0,1,28800,9.73,2.026,192.5
607,3840,0,0.1,36.005,30.297,5.708,0.015,0.680,1.033,0.121,3.856,52.0,99851.4,1920.0,34.5,99359.3,2880.0,1,28800,9.73,2.026,192.5
608,3840,0,0.1,36.695,31.437,5.258,0.015,0.185,0.974,0.120,3.961,52.0,99851.4,1920.0,34.5,99359.3,2880.0,1,28800,9.73,2.026,192.5
609,3840,0,0.1,37.228,32.515,4.713,0.015,0.186,0.294,0.278,3.936,52.0,99851.4,1920.0,34.5,99359.3,2880.0,1,28800,9.73,2.026,192.5
610,3840,0,0.1,40.753,35.033,5.720,0.015,0.659,1.032,0.120,3.892,52.0,99851.4,1920.0,34.5,99359.3,2880.0,1,28800,9.73,2.026,192.5
611,1920,0,0.1,26.115,21.696,4.419,0.007,0.130,0.498,0.055,3.729,52.0,99851.4,1920.0,34.5,99359.3,2880.0,1,28800,9.73,2.026,192.5
612,3840,0,0.1,25.576,20.641,4.935,0.015,0.190,0.604,0.118,4.006,52.0,99851.4,1920.0,34.5,99359.3,2880.0,1,28800,9.73,2.026,192.5
613,3840,0,0.1,25.004,19.308,5.696,0.015,0.644,0.647,0.386,4.002,52.0,99851.4,1920.0,34.5,99359.3,2880.0,1,28800,9.24,2.026,192.4
614,3840,0,0.1,26.251,20.889,5.362,0.015,0.178,1.010,0.119,4.037,52.0,99851.4,1920.0,34.5,99359.3,2880.0,1,28800,9.24,2.026,192.4
615,3840,0,0.1,25.692,20.623,5.069,0.015,0.188,0.720,0.120,4.026,52.0,99851.4,1920.0,34.5,99359.3,2880.0,1,28800,9.24,2.026,192.4
616,3840,0,0.1,24.876,19.812,5.064,0.015,0.186,0.506,0.303,4.052,52.0,99851.4,1920.0,34.5,99359.3,2880.0,1,28800,9.24,2.014,192.4
617,3840,0,0.1,29.732,23.887,5.845,0.014,0.652,1.015,0.121,4.038,52.0,99851.4,1920.0,34.5,99359.3,2880.0,1,28800,9.24,2.014,192.4
618,3840,0,0.1,28.649,23.374,5.275,0.014,0.190,0.824,0.116,4.127,52.0,99851.4,1920.0,34.5,99359.3,2880.0,1,28800,9.24,2.014,192.4
619,3840,0,0.1,27.532,22.151,5.381,0.015,0.198,0.441,0.399,4.326,52.0,99851.4,1920.0,34.5,99359.3,2880.0,1,28800,8.79,2.014,191.7
620,3840,0,0.1,29.378,23.492,5.886,0.014,0.672,0.990,0.122,4.085,52.0,99851.4,1920.0,34.5,99359.3,2880.0,1,28800,8.79,2.014,191.7
621,3840,0,0.1,27.387,21.966,5.421,0.015,0.189,0.917,0.119,4.178,52.0,99851.4,1920.0,34.5,99359.3,2880.0,1,28800,8.79,2.014,191.7
622,3840,0,0.1,24.669,19.699,4.970,0.015,0.196,0.292,0.331,4.134,52.0,99851.4,1920.0,34.5,99359.3,2880.0,1,28800,8.79,1.586,191.7
623,3840,0,0.1,26.331,20.386,5.945,0.014,0.685,1.013,0.116,4.113,52.0,99851.4,1920.0,34.5,99359.3,2880.0,1,28800,8.79,1.586,191.7
624,1920,0,0.1,23.732,18.770,4.962,0.008,0.169,0.526,0.060,4.195,52.0,99851.4,1920.0,34.5,99359.3,2880.0,1,28800,8.79,1.586,191.7
625,1920,0,0.1,8.441,3.763,4.678,0.008,0.133,0.520,0.058,3.957,52.0,99851.4,1920.0,34.5,99359.3,2880.0,1,28800,8.79,1.586,191.7
626,1920,0,0.1,23.800,19.039,4.761,0.008,0.152,0.107,0.072,4.420,52.0,99851.4,1920.0,34.5,99359.3,2880.0,1,28800,8.79,1.586,191.7
627,1920,0,0.1,7.412,2.833,4.579,0.008,0.139,0.146,0.277,4.006,52.0,99851.4,1920.0,34.5,99359.3,2880.0,1,28800,8.39,1.586,196.2
628,3840,0,0.1,27.770,21.750,6.020,0.015,0.667,1.044,0.143,4.148,52.0,99851.4,1920.0,34.5,99359.3,2880.0,1,28800,8.39,1.586,196.2
629,3840,0,0.1,25.933,20.293,5.640,0.014,0.187,1.055,0.118,4.264,52.0,99851.4,1920.0,34.5,99359.3,2880.0,1,28800,8.39,1.586,196.2
630,1920,0,0.1,22.853,18.077,4.776,0.008,0.153,0.227,0.063,4.324,52.0,99851.4,1920.0,34.5,99359.3,2880.0,1,28800,8.39,1.586,196.2
631,1920,0,0.1,7.381,3.028,4.353,0.008,0.139,0.047,0.057,4.099,52.0,99851.4,1920.0,34.5,99359.3,2880.0,1,28800,8.39,1.586,196.2
632,1920,0,0.1,23.519,18.335,5.184,0.008,0.158,0.483,0.255,4.278,52.0,99851.4,1920.0,34.5,99359.3,2880.0,1,28800,8.39,1.144,196.2
633,1920,0,0.1,12.125,6.734,5.391,0.008,0.612,0.558,0.062,4.150,52.0,99851.4,1920.0,34.5,99359.3,2880.0,1,28800,8.39,1.144,196.2
634,3840,0,0.1,28.842,23.149,5.693,0.015,0.189,1.014,0.151,4.322,52.0,99851.4,1920.0,34.5,99359.3,2880.0,1,28800,8.39,1.144,196.2
635,3840,0,0.1,25.855,20.898,4.957,0.014,0.189,0.343,0.114,4.293,52.0,99851.4,1920.0,34.5,99359.3,2880.0,1,28800,8.39,1.144,196.2
636,1920,0,0.1,23.149,18.075,5.074,0.008,0.154,0.357,0.245,4.307,52.0,99851.4,1920.0,34.5,99359.3,2880.0,1,28800,8.01,1.144,195.4
637,1920,0,0.1,11.996,6.616,5.380,0.007,0.617,0.462,0.059,4.232,52.0,99851.4,1920.0,34.5,99359.3,2880.0,1,28800,8.01,1.144,195.4
638,3840,0,0.1,28.277,23.803,4.474,0.014,0.186,0.795,0.119,3.357,52.0,99851.4,1920.0,34.5,99359.3,2880.0,1,28800,8.01,1.144,195.4
639,3840,0,0.1,22.822,20.001,2.821,0.014,0.191,0.103,0.126,2.384,52.0,99851.4,1920.0,34.5,99359.3,2880.0,1,28800,8.01,1.144,195.4
640,1920,0,0.1,18.149,15.233,2.916,0.007,0.153,0.222,0.305,2.226,52.0,99851.4,1920.0,34.5,99359.3,2880.0,1,28800,8.01,2.183,195.4
641,3840,0,0.1,37.548,33.619,3.929,0.015,0.704,0.904,0.115,2.187,52.0,99851.4,1920.0,34.5,99359.3,2880.0,1,28800,8.01,2.183,195.4
642,3840,0,0.1,34.395,30.844,3.551,0.015,0.191,0.945,0.117,2.281,52.0,99851.4,1920.0,34.5,99359.3,2880.0,1,28800,8.01,2.183,195.4
643,3840,0,0.1,29.430,26.382,3.048,0.015,0.190,0.229,0.343,2.269,52.0,99851.4,1920.0,34.5,99359.3,2880.0,1,28800,11.67,2.183,188.9
644,3840,0,0.1,31.053,27.064,3.989,0.015,0.703,0.909,0.118,2.242,52.0,99851.4,1920.0,34.5,99359.3,2880.0,1,28800,11.67,2.183,188.9
645,3840,0,0.1,29.717,26.068,3.649,0.015,0.189,0.955,0.118,2.369,52.0,99851.4,1920.0,34.5,99359.3,2880.0,1,28800,11.67,2.183,188.9
646,3840,0,0.1,26.516,23.558,2.958,0.015,0.195,0.242,0.122,2.383,52.0,99851.4,1920.0,34.5,99359.3,2880.0,1,28800,11.67,2.183,188.9
647,3840,0,0.1,24.878,20.514,4.364,0.015,0.704,0.956,0.369,2.317,52.0,99851.4,1920.0,34.5,99359.3,2880.0,1,28800,11.67,3.205,188.9
648,3840,0,0.1,26.785,23.069,3.716,0.015,0.192,1.013,0.116,2.378,52.0,99851.4,1920.0,34.5,99359.3,2880.0,1,28800,11.67,3.205,188.9
649,3840,0,0.1,23.954,20.875,3.079,0.015,0.198,0.381,0.114,2.369,52.0,99851.4,1920.0,34.5,99359.3,2880.0,1,28800,11.67,3.205,188.9
650,1920,0,0.1,21.416,18.194,3.222,0.008,0.159,0.411,0.247,2.396,52.0,99851.4,1920.0,34.5,99359.3,2880.0,1,28800,11.12,3.205,187.9
651,1920,0,0.1,8.568,4.994,3.574,0.008,0.628,0.512,0.065,2.359,52.0,99851.4,1920.0,34.5,99359.3,2880.0,1,28800,11.12,3.205,187.9
652,3840,0,0.1,25.807,21.996,3.811,0.015,0.188,1.020,0.119,2.466,52.0,99851.4,1920.0,34.5,99359.3,2880.0,1,28800,11.12,3.205,187.9
653,3840,0,0.1,23.496,20.241,3.255,0.015,0.201,0.469,0.110,2.457,52.0,99851.4,1920.0,34.5,99359.3,2880.0,1,28800,11.12,3.205,187.9
654,1920,0,0.1,20.132,16.994,3.138,0.007,0.156,0.266,0.279,2.429,52.0,99851.4,1920.0,34.5,99359.3,2880.0,1,28800,11.12,3.210,187.9
655,1920,0,0.1,7.514,3.930,3.584,0.008,0.639,0.535,0.068,2.331,52.0,99851.4,1920.0,34.5,99359.3,2880.0,1,28800,11.12,3.210,187.9
656,3840,0,0.1,24.967,21.172,3.795,0.015,0.191,1.007,0.118,2.462,52.0,99851.4,1920.0,34.5,99359.3,2880.0,1,28800,11.12,3.210,187.9
657,3840,0,0.1,23.207,20.133,3.074,0.015,0.192,0.107,0.122,2.636,52.0,99851.4,1920.0,34.5,99359.3,2880.0,1,28800,11.12,3.210,187.9
658,1920,0,0.1,20.292,17.124,3.168,0.024,0.158,0.146,0.336,2.501,52.0,99851.4,1920.0,34.5,99359.3,2880.0,1,28800,14.36,3.210,181.3
659,1920,0,0.1,8.000,4.324,3.676,0.008,0.649,0.499,0.062,2.456,52.0,99851.4,1920.0,34.5,99359.3,2880.0,1,28800,14.36,3.210,181.3
660,3840,0,0.1,24.888,20.993,3.895,0.015,0.188,1.015,0.117,2.558,52.0,99851.4,1920.0,34.5,99359.3,2880.0,1,28800,14.36,3.210,181.3
661,3840,0,0.1,23.175,19.574,3.601,0.015,0.192,0.684,0.118,2.590,52.0,99851.4,1920.0,34.5,99359.3,2880.0,1,28800,14.36,3.210,181.3
662,1920,0,0.1,19.933,16.839,3.094,0.007,0.160,0.052,0.076,2.797,52.0,99851.4,1920.0,34.5,99359.3,2880.0,1,28800,14.36,3.210,181.3
663,1920,0,0.1,4.279,0.895,3.384,0.009,0.147,0.468,0.273,2.485,52.0,99851.4,1920.0,34.5,99359.3,2880.0,1,28800,14.36,5.332,181.3
664,1920,0,0.1,22.897,19.077,3.820,0.009,0.664,0.498,0.063,2.584,52.0,99851.4,1920.0,34.5,99359.3,2880.0,1,28800,14.36,5.332,181.3
665,1920,0,0.1,5.697,2.564,3.133,0.007,0.138,0.485,0.060,2.441,52.0,99851.4,1920.0,34.5,99359.3,2880.0,1,28800,14.36,5.332,181.3
666,1920,0,0.1,19.621,16.344,3.277,0.008,0.153,0.516,0.060,2.538,52.0,99851.4,1920.0,34.5,99359.3,2880.0,1,28800,14.36,5.332,181.3
667,1920,0,0.1,3.605,0.581,3.024,0.008,0.140,0.287,0.059,2.529,52.0,99851.4,1920.0,34.5,99359.3,2880.0,1,28800,14.36,5.332,181.3
668,1920,0,0.1,20.903,13.393,7.510,0.008,0.159,0.052,4.746,2.542,52.2,100198.8,1920.0,34.5,99359.3,2880.0,1,28800,14.36,5.332,181.3
669,1920,0,0.1,5.138,1.948,3.190,0.007,0.145,0.357,0.235,2.443,52.2,100198.8,1920.0,34.5,99359.3,2880.0,1,28800,13.70,5.332,181.3
670,1920,0,0.1,22.520,18.737,3.783,0.008,0.665,0.483,0.067,2.557,52.2,100198.8,1920.0,32.7,100000.0,3054.0,1,28800,13.70,5.332,181.3
671,1920,0,0.1,6.178,2.937,3.241,0.008,0.135,0.489,0.058,2.548,52.2,100198.8,1920.0,32.7,100000.0,3054.0,1,28800,13.70,5.332,181.3
672,1920,0,0.1,20.520,17.153,3.367,0.008,0.154,0.541,0.059,2.602,52.2,100198.8,1920.0,32.7,100000.0,3054.0,1,28800,13.70,5.332,181.3
673,1920,0,0.1,4.649,1.472,3.177,0.008,0.146,0.416,0.064,2.541,52.2,100198.8,1920.0,32.7,100000.0,3054.0,1,28800,13.70,5.332,181.3
674,1920,0,0.1,18.244,15.043,3.201,0.008,0.154,0.058,0.069,2.911,52.2,100198.8,1920.0,32.7,100000.0,3054.0,1,28800,13.70,5.332,181.3
675,3840,0,0.1,32.641,28.144,4.497,0.015,0.711,0.747,0.345,2.676,52.2,100198.8,1920.0,32.7,100000.0,3054.0,1,28800,13.70,5.333,181.3
676,3840,0,0.1,31.821,27.744,4.077,0.015,0.202,1.022,0.118,2.718,52.2,100198.8,1920.0,32.7,100000.0,3054.0,1,28800,13.70,5.333,181.3
677,3840,0,0.1,28.252,24.621,3.631,0.015,0.195,0.598,0.117,2.704,52.2,100198.8,1920.0,32.7,100000.0,3054.0,1,28800,13.70,5.333,181.3
678,3840,0,0.1,24.522,20.064,4.458,0.014,0.700,0.651,0.414,2.676,52.2,100198.8,1920.0,32.7,100000.0,3054.0,1,28800,13.05,5.333,186.4
679,3840,0,0.1,24.541,20.412,4.129,0.015,0.190,1.032,0.118,2.771,52.2,100198.8,1920.0,32.7,100000.0,3054.0,1,28800,13.05,5.333,186.4
680,1920,0,0.1,20.950,17.458,3.492,0.007,0.177,0.522,0.057,2.726,52.2,100198.8,1920.0,32.7,100000.0,3054.0,1,28800,13.05,5.333,186.4
681,1920,0,0.1,5.007,1.897,3.110,0.008,0.144,0.212,0.067,2.677,52.2,100198.8,1920.0,32.7,100000.0,3054.0,1,28800,13.05,5.333,186.4
682,1920,0,0.1,18.843,15.571,3.272,0.007,0.160,0.051,0.068,2.983,52.2,100198.8,1920.0,32.7,100000.0,3054.0,1,28800,13.05,5.333,186.4
683,3840,0,0.1,35.412,30.561,4.851,0.015,0.699,1.014,0.366,2.754,52.2,100198.8,1920.0,32.7,100000.0,3054.0,1,28800,13.05,4.376,186.4
684,3840,0,0.1,36.515,32.337,4.178,0.015,0.195,1.018,0.119,2.828,52.2,100198.8,1920.0,32.7,100000.0,3054.0,1,28800,13.05,4.376,186.4
685,3840,0,0.1,33.335,29.825,3.510,0.015,0.195,0.360,0.116,2.820,52.2,100198.8,1920.0,32.7,100000.0,3054.0,1,28800,13.05,4.376,186.4
686,3840,0,0.1,32.739,27.902,4.837,0.015,0.714,0.901,0.370,2.835,52.2,100198.8,1920.0,32.7,100000.0,3054.0,1,28800,12.44,4.376,186.8
687,3840,0,0.1,36.141,31.879,4.262,0.015,0.197,1.098,0.117,2.832,52.2,100198.8,1920.0,32.7,100000.0,3054.0,1,28800,12.44,4.376,186.8
688,3840,0,0.1,37.092,33.333,3.759,0.015,0.199,0.518,0.113,2.912,52.2,100198.8,1920.0,32.7,100000.0,3054.0,1,28800,12.44,4.376,186.8
689,3840,0,0.1,37.895,33.153,4.742,0.015,0.710,0.796,0.338,2.881,52.2,100198.8,1920.0,32.7,100000.0,3054.0,1,28800,12.44,4.382,186.8
690,3840,0,0.1,41.172,36.832,4.340,0.015,0.194,1.110,0.115,2.904,52.2,100198.8,1920.0,32.7,100000.0,3054.0,1,28800,12.44,4.382,186.8
691,1920,0,0.1,25.639,22.102,3.537,0.008,0.143,0.574,0.057,2.751,52.2,100198.8,1920.0,32.7,100000.0,3054.0,1,28800,12.44,4.382,186.8
692,3840,0,0.1,24.902,21.199,3.703,0.015,0.201,0.234,0.330,2.920,52.2,100198.8,1920.0,32.7,100000.0,3054.0,1,28800,11.89,4.382,186.8
693,3840,0,0.1,29.077,24.216,4.861,0.015,0.713,1.083,0.119,2.927,52.2,100198.8,1920.0,32.7,100000.0,3054.0,1,28800,11.89,4.382,186.8
694,3840,0,0.1,29.562,25.112,4.450,0.015,0.199,1.093,0.118,3.021,52.2,100198.8,1920.0,32.7,100000.0,3054.0,1,28800,11.89,4.382,186.8
695,3840,0,0.1,29.030,25.410,3.620,0.015,0.200,0.227,0.118,3.056,52.2,100198.8,1920.0,32.7,100000.0,3054.0,1,28800,11.89,4.382,186.8
696,3840,0,0.1,29.945,24.874,5.071,0.015,0.717,1.006,0.338,2.994,52.2,100198.8,1920.0,32.7,100000.0,3054.0,1,28800,11.89,4.403,186.8
697,3840,0,0.1,31.493,27.091,4.402,0.014,0.198,1.029,0.123,3.035,52.2,100198.8,1920.0,32.7,100000.0,3054.0,1,28800,11.89,4.403,186.8
698,3840,0,0.1,29.809,26.099,3.710,0.015,0.198,0.357,0.117,3.020,52.2,100198.8,1920.0,32.7,100000.0,3054.0,1,28800,11.89,4.403,186.8
699,3840,0,0.1,28.879,23.884,4.995,0.014,0.717,0.898,0.350,3.014,52.2,100198.8,1920.0,32.7,100000.0,3054.0,1,28800,11.55,4.403,186.1
700,3840,0,0.1,32.416,28.207,4.209,0.015,0.200,0.794,0.122,3.076,52.2,100198.8,1920.0,32.7,100000.0,3054.0,1,28800,11.55,4.403,186.1
701,3840,0,0.1,34.721,31.020,3.701,0.015,0.200,0.151,0.122,3.209,52.2,100198.8,1920.0,32.7,100000.0,3054.0,1,28800,11.55,4.403,186.1
702,3840,0,0.1,35.188,30.278,4.910,0.015,0.722,0.749,0.374,3.048,52.2,100198.8,1920.0,32.7,100000.0,3054.0,1,28800,11.55,4.426,186.1
703,3840,0,0.1,37.192,32.676,4.516,0.015,0.197,1.038,0.128,3.135,52.2,100198.8,1920.0,32.7,100000.0,3054.0,1,28800,11.55,4.426,186.1
704,3840,0,0.1,37.410,33.309,4.101,0.014,0.198,0.591,0.117,3.177,52.2,100198.8,1920.0,32.7,100000.0,3054.0,1,28800,11.55,4.426,186.1
705,3840,0,0.1,38.308,33.415,4.893,0.015,0.730,0.638,0.374,3.135,52.2,100198.8,1920.0,32.7,100000.0,3054.0,1,28800,11.05,4.426,186.2
706,1920,0,0.1,22.897,19.226,3.671,0.008,0.141,0.515,0.055,2.950,52.2,100198.8,1920.0,32.7,100000.0,3054.0,1,28800,11.05,4.426,186.2
707,3840,0,0.1,26.664,22.091,4.573,0.015,0.203,1.066,0.118,3.168,52.2,100198.8,1920.0,32.7,100000.0,3054.0,1,28800,11.05,4.426,186.2
708,3840,0,0.1,25.332,21.535,3.797,0.015,0.201,0.269,0.120,3.190,52.2,100198.8,1920.0,32.7,100000.0,3054.0,1,28800,11.05,4.426,186.2
709,3840,0,0.1,24.889,19.603,5.286,0.015,0.735,0.995,0.334,3.206,52.2,100198.8,1920.0,32.7,100000.0,3054.0,1,28800,11.05,4.434,186.2
710,3840,0,0.1,26.802,22.178,4.624,0.015,0.199,1.034,0.121,3.253,52.2,100198.8,1920.0,32.7,100000.0,3054.0,1,28800,11.05,4.434,186.2
711,3840,0,0.1,25.538,21.611,3.927,0.015,0.211,0.354,0.115,3.229,52.2,100198.8,1920.0,32.7,100000.0,3054.0,1,28800,11.05,4.434,186.2
712,3840,0,0.1,25.525,20.245,5.280,0.015,0.776,0.870,0.357,3.261,52.2,100198.8,1920.0,32.7,100000.0,3054.0,1,28800,10.55,4.434,187.2
713,3840,0,0.1,28.018,23.349,4.669,0.015,0.210,1.017,0.121,3.303,52.2,100198.8,1920.0,32.7,100000.0,3054.0,1,28800,10.55,4.434,187.2
714,3840,0,0.1,28.064,23.971,4.093,0.015,0.232,0.463,0.115,3.265,52.2,100198.8,1920.0,32.7,100000.0,3054.0,1,28800,10.55,4.434,187.2
715,3840,0,0.1,29.093,23.923,5.170,0.015,0.743,0.736,0.372,3.300,52.2,100198.8,1920.0,32.7,100000.0,3054.0,1,28800,10.55,3.402,187.2
716,3840,0,0.1,32.936,28.266,4.670,0.015,0.201,0.977,0.120,3.354,52.2,100198.8,1920.0,32.7,100000.0,3054.0,1,28800,10.55,3.402,187.2
717,3840,0,0.1,31.142,26.874,4.268,0.015,0.202,0.564,0.115,3.369,52.2,100198.8,1920.0,32.7,100000.0,3054.0,1,28800,10.55,3.402,187.2
718,3840,0,0.1,32.061,26.939,5.122,0.016,0.774,0.609,0.380,3.340,52.2,100198.8,1920.0,32.7,100000.0,3054.0,1,28800,10.10,3.402,193.9
719,3840,0,0.1,35.295,30.581,4.714,0.015,0.198,0.975,0.123,3.399,52.2,100198.8,1920.0,32.7,100000.0,3054.0,1,28800,10.10,3.402,193.9
720,3840,0,0.1,35.918,31.489,4.429,0.015,0.203,0.692,0.117,3.399,52.2,100198.8,1920.0,32.7,100000.0,3054.0,1,28800,10.10,3.402,193.9
721,3840,0,0.1,36.802,32.277,4.525,0.015,0.204,0.539,0.359,3.405,52.2,100198.8,1920.0,32.7,100000.0,3054.0,1,28800,10.10,2.374,193.9
722,3840,0,0.1,40.704,35.459,5.245,0.015,0.755,0.977,0.117,3.378,52.2,100198.8,1920.0,32.7,100000.0,3054.0,1,28800,10.10,2.374,193.9
723,1920,0,0.1,25.589,21.654,3.935,0.008,0.144,0.496,0.059,3.227,52.2,100198.8,1920.0,32.7,100000.0,3054.0,1,28800,10.10,2.374,193.9
724,1920,0,0.1,22.927,18.878,4.049,0.007,0.165,0.299,0.065,3.509,52.2,100198.8,1920.0,32.7,100000.0,3054.0,1,28800,10.10,2.374,193.9
725,1920,0,0.1,5.981,2.383,3.598,0.008,0.152,0.048,0.060,3.328,52.2,100198.8,1920.0,32.7,100000.0,3054.0,1,28800,10.10,2.374,193.9
726,1920,0,0.1,22.250,17.982,4.268,0.008,0.164,0.403,0.228,3.464,52.2,100198.8,1920.0,32.7,100000.0,3054.0,1,28800,9.66,2.374,194.9
727,1920,0,0.1,10.574,5.898,4.676,0.008,0.703,0.527,0.067,3.368,52.2,100198.8,1920.0,32.7,100000.0,3054.0,1,28800,9.66,2.374,194.9
728,3840,0,0.1,29.138,24.297,4.841,0.014,0.202,0.993,0.117,3.511,52.2,100198.8,1920.0,32.7,100000.0,3054.0,1,28800,9.66,2.374,194.9
729,3840,0,0.1,27.306,22.996,4.310,0.015,0.204,0.456,0.112,3.519,52.4,100548.6,1920.0,32.7,100000.0,3054.0,1,28800,9.66,2.374,194.9
730,3840,0,0.1,26.871,21.549,5.322,0.014,0.755,0.742,0.369,3.438,52.4,100548.6,1920.0,29.9,101304.1,3392.0,1,28800,9.66,2.380,194.9
731,3840,0,0.1,29.088,24.136,4.952,0.015,0.213,1.043,0.116,3.563,52.4,100548.6,1920.0,29.9,101304.1,3392.0,1,28800,9.66,2.380,194.9
732,3840,0,0.1,28.423,23.872,4.551,0.015,0.205,0.600,0.122,3.607,52.4,100548.6,1920.0,29.9,101304.1,3392.0,1,28800,9.66,2.380,194.9
733,3840,0,0.1,28.147,22.765,5.382,0.015,0.772,0.657,0.368,3.567,52.4,100548.6,1920.0,29.9,101304.1,3392.0,1,28800,9.23,2.380,201.8
734,3840,0,0.1,30.234,25.258,4.976,0.014,0.203,1.034,0.142,3.581,52.4,100548.6,1920.0,29.9,101304.1,3392.0,1,28800,9.23,2.380,201.8
735,3840,0,0.1,30.450,25.721,4.729,0.015,0.206,0.745,0.118,3.642,52.4,100548.6,1920.0,29.9,101304.1,3392.0,1,28800,9.23,2.380,201.8
736,3840,0,0.1,29.652,24.866,4.786,0.014,0.208,0.553,0.352,3.657,52.4,100548.6,1920.0,29.9,101304.1,3392.0,1,28800,9.23,0.266,201.8
737,3840,0,0.1,32.899,27.321,5.578,0.015,0.769,1.061,0.116,3.613,52.4,100548.6,1920.0,29.9,101304.1,3392.0,1,28800,9.23,0.266,201.8
738,3840,0,0.1,32.966,28.092,4.874,0.015,0.204,0.835,0.115,3.703,52.4,100548.6,1920.0,29.9,101304.1,3392.0,1,28800,9.23,0.266,201.8
739,3840,0,0.1,32.142,27.444,4.698,0.014,0.209,0.465,0.324,3.683,52.4,100548.6,1920.0,29.9,101304.1,3392.0,1,28800,8.84,0.266,202.3
740,3840,0,0.1,35.035,29.412,5.623,0.015,0.815,1.018,0.115,3.656,52.4,100548.6,1920.0,29.9,101304.1,3392.0,1,28800,8.84,0.266,202.3
741,3840,0,0.1,35.057,30.023,5.034,0.015,0.207,0.934,0.121,3.754,52.4,100548.6,1920.0,29.9,101304.1,3392.0,1,28800,8.84,0.266,202.3
742,3840,0,0.1,32.903,28.390,4.513,0.014,0.208,0.288,0.280,3.720,52.4,100548.6,1920.0,29.9,101304.1,3392.0,1,28800,8.84,0.267,202.3
743,3840,0,0.1,35.744,30.121,5.623,0.015,0.777,1.004,0.120,3.705,52.4,100548.6,1920.0,29.9,101304.1,3392.0,1,28800,8.84,0.267,202.3
744,3840,0,0.1,36.277,31.111,5.166,0.015,0.207,0.996,0.123,3.823,52.4,100548.6,1920.0,29.9,101304.1,3392.0,1,28800,8.84,0.267,202.3
745,3840,0,0.1,35.502,30.966,4.536,0.015,0.213,0.240,0.314,3.753,52.4,100548.6,1920.0,29.9,101304.1,3392.0,1,28800,8.48,0.267,202.1
746,3840,0,0.1,38.494,32.833,5.661,0.014,0.787,1.003,0.115,3.741,52.4,100548.6,1920.0,29.9,101304.1,3392.0,1,28800,8.48,0.267,202.1
747,1920,0,0.1,23.719,19.432,4.287,0.007,0.153,0.497,0.056,3.572,52.4,100548.6,1920.0,29.9,101304.1,3392.0,1,28800,8.48,0.267,202.1
748,1920,0,0.1,22.547,17.968,4.579,0.008,0.169,0.502,0.059,3.839,52.4,100548.6,1920.0,29.9,101304.1,3392.0,1,28800,8.48,0.267,202.1
749,1920,0,0.1,7.356,3.396,3.960,0.007,0.158,0.096,0.060,3.637,52.4,100548.6,1920.0,29.9,101304.1,3392.0,1,28800,8.48,0.267,202.1
750,3840,0,0.1,26.094,21.180,4.914,0.014,0.210,0.528,0.361,3.798,52.4,100548.6,1920.0,29.9,101304.1,3392.0,1,28800,8.48,0.498,202.1
751,3840,0,0.1,28.333,22.586,5.747,0.015,0.788,0.994,0.117,3.829,52.4,100548.6,1920.0,29.9,101304.1,3392.0,1,28800,8.48,0.498,202.1
752,3840,0,0.1,27.838,22.785,5.053,0.015,0.210,0.795,0.118,3.912,52.4,100548.6,1920.0,29.9,101304.1,3392.0,1,28800,8.48,0.498,202.1
753,3840,0,0.1,26.604,21.733,4.871,0.015,0.210,0.411,0.330,3.902,52.4,100548.6,1920.0,29.9,101304.1,3392.0,1,28800,8.79,0.498,198.8
754,3840,0,0.1,29.606,23.861,5.745,0.015,0.784,0.964,0.116,3.862,52.4,100548.6,1920.0,29.9,101304.1,3392.0,1,28800,8.79,0.498,198.8
755,3840,0,0.1,29.251,24.043,5.208,0.015,0.234,0.890,0.120,3.946,52.4,100548.6,1920.0,29.9,101304.1,3392.0,1,28800,8.79,0.498,198.8
756,3840,0,0.1,27.612,22.850,4.762,0.014,0.213,0.286,0.300,3.945,52.4,100548.6,1920.0,29.9,101304.1,3392.0,1,28800,8.79,0.716,198.8
757,3840,0,0.1,30.731,24.902,5.829,0.014,0.790,0.971,0.123,3.927,52.4,100548.6,1920.0,29.9,101304.1,3392.0,1,28800,8.79,0.716,198.8
758,3840,0,0.1,28.992,24.080,4.912,0.014,0.208,0.568,0.114,4.003,52.4,100548.6,1920.0,29.9,101304.1,3392.0,1,28800,8.79,0.716,198.8
759,3840,0,0.1,26.727,21.995,4.732,0.014,0.213,0.193,0.341,3.966,52.4,100548.6,1920.0,29.9,101304.1,3392.0,1,28800,11.08,0.716,192.1
760,3840,0,0.1,28.461,22.581,5.880,0.015,0.794,0.981,0.116,3.971,52.4,100548.6,1920.0,29.9,101304.1,3392.0,1,28800,11.08,0.716,192.1
761,3840,0,0.1,26.966,21.538,5.428,0.014,0.210,1.011,0.119,4.069,52.4,100548.6,1920.0,29.9,101304.1,3392.0,1,28800,11.08,0.716,192.1
762,3840,0,0.1,24.329,19.678,4.651,0.015,0.209,0.271,0.117,4.038,52.4,100548.6,1920.0,29.9,101304.1,3392.0,1,28800,11.08,0.716,192.1
763,1920,0,0.1,21.862,16.898,4.964,0.008,0.178,0.484,0.242,4.049,52.4,100548.6,1920.0,29.9,101304.1,3392.0,1,28800,11.08,2.791,192.1
764,1920,0,0.1,10.937,5.651,5.286,0.008,0.752,0.527,0.064,3.934,52.4,100548.6,1920.0,29.9,101304.1,3392.0,1,28800,11.08,2.791,192.1
765,3840,0,0.1,29.130,23.602,5.528,0.015,0.220,1.079,0.116,4.095,52.4,100548.6,1920.0,29.9,101304.1,3392.0,1,28800,11.08,2.791,192.1
766,3840,0,0.1,26.995,22.152,4.843,0.015,0.215,0.418,0.114,4.078,52.4,100548.6,1920.0,29.9,101304.1,3392.0,1,28800,11.08,2.791,192.1
767,3840,0,0.1,26.316,20.135,6.181,0.015,0.843,0.907,0.358,4.056,52.4,100548.6,1920.0,29.9,101304.1,3392.0,1,28800,10.60,2.791,193.0
768,3840,0,0.1,28.013,22.474,5.539,0.015,0.210,1.055,0.122,4.134,52.4,100548.6,1920.0,29.9,101304.1,3392.0,1,28800,10.60,2.791,193.0
769,3840,0,0.1,26.344,21.344,5.000,0.015,0.218,0.501,0.114,4.150,52.4,100548.6,1920.0,29.9,101304.1,3392.0,1,28800,10.60,2.791,193.0
770,3840,0,0.1,27.183,21.120,6.063,0.015,0.828,0.781,0.334,4.103,52.4,100548.6,1920.0,29.9,101304.1,3392.0,1,28800,10.60,2.768,193.0
771,3840,0,0.1,29.188,23.590,5.598,0.015,0.247,1.039,0.117,4.178,52.4,100548.6,1920.0,29.9,101304.1,3392.0,1,28800,10.60,2.768,193.0
772,3840,0,0.1,27.652,22.496,5.156,0.015,0.210,0.587,0.124,4.219,52.4,100548.6,1920.0,29.9,101304.1,3392.0,1,28800,10.60,2.768,193.0
773,3840,0,0.1,28.583,22.528,6.055,0.015,0.814,0.662,0.376,4.187,52.4,100548.6,1920.0,29.9,101304.1,3392.0,1,28800,10.13,2.768,193.7
774,3840,0,0.1,30.391,24.826,5.565,0.016,0.205,1.001,0.117,4.224,52.4,100548.6,1920.0,29.9,101304.1,3392.0,1,28800,10.13,2.768,193.7
775,3840,0,0.1,29.502,24.179,5.323,0.015,0.220,0.689,0.115,4.282,52.4,100548.6,1920.0,29.9,101304.1,3392.0,1,28800,10.13,2.768,193.7
776,3840,0,0.1,29.347,23.898,5.449,0.015,0.230,0.517,0.379,4.306,52.4,100548.6,1920.0,29.9,101304.1,3392.0,1,28800,10.13,2.749,193.7
777,3840,0,0.1,33.708,27.588,6.120,0.015,0.812,0.959,0.115,4.217,52.4,100548.6,1920.0,29.9,101304.1,3392.0,1,28800,10.13,2.749,193.7
778,3840,0,0.1,33.984,28.513,5.471,0.015,0.248,0.770,0.118,4.318,52.4,100548.6,1920.0,29.9,101304.1,3392.0,1,28800,10.13,2.749,193.7
779,3840,0,0.1,33.962,28.659,5.303,0.015,0.228,0.409,0.317,4.329,52.4,100548.6,1920.0,29.9,101304.1,3392.0,1,28800,9.73,2.749,193.4
780,3840,0,0.1,37.637,31.415,6.222,0.015,0.837,0.956,0.117,4.295,52.4,100548.6,1920.0,29.9,101304.1,3392.0,1,28800,9.73,2.749,193.4
781,3840,0,0.1,37.319,32.731,4.588,0.015,0.216,0.899,0.117,3.339,52.4,100548.6,1920.0,29.9,101304.1,3392.0,1,28800,9.73,2.749,193.4
782,3840,0,0.1,34.683,31.619,3.064,0.015,0.229,0.333,0.280,2.206,52.4,100548.6,1920.0,29.9,101304.1,3392.0,1,28800,9.73,2.747,193.4
783,3840,0,0.1,34.367,30.164,4.203,0.015,0.831,1.014,0.118,2.222,52.4,100548.6,1920.0,29.9,101304.1,3392.0,1,28800,9.73,2.747,193.4
784,3840,0,0.1,33.484,29.787,3.697,0.016,0.213,1.045,0.119,2.302,52.4,100649.0,1920.0,29.9,101304.1,3392.0,1,28800,9.73,2.747,193.4
785,3840,0,0.1,31.635,28.583,3.052,0.015,0.221,0.222,0.328,2.262,52.4,100649.0,1920.0,27.4,100398.4,3665.0,1,28800,9.34,2.747,193.2
786,3840,0,0.1,34.659,30.379,4.280,0.014,0.868,1.004,0.117,2.273,52.4,100649.0,1920.0,27.4,100398.4,3665.0,1,28800,9.34,2.747,193.2
787,3840,0,0.1,32.632,28.897,3.735,0.015,0.216,1.033,0.116,2.352,52.4,100649.0,1920.0,27.4,100398.4,3665.0,1,28800,9.34,2.747,193.2
788,3840,0,0.1,31.149,28.173,2.976,0.015,0.220,0.269,0.118,2.351,52.4,100649.0,1920.0,27.4,100398.4,3665.0,1,28800,9.34,2.747,193.2
789,3840,0,0.1,30.378,25.794,4.584,0.015,0.834,1.007,0.343,2.383,52.4,100649.0,1920.0,27.4,100398.4,3665.0,1,28800,9.34,2.738,193.2
790,3840,0,0.1,31.985,28.174,3.811,0.015,0.220,1.060,0.116,2.399,52.4,100649.0,1920.0,27.4,100398.4,3665.0,1,28800,9.34,2.738,193.2
791,3840,0,0.1,29.418,26.313,3.105,0.016,0.216,0.358,0.114,2.399,52.4,100649.0,1920.0,27.4,100398.4,3665.0,1,28800,9.34,2.738,193.2
792,3840,0,0.1,27.627,23.128,4.499,0.015,0.832,0.883,0.360,2.408,52.4,100649.0,1920.0,27.4,100398.4,3665.0,1,28800,8.98,2.738,192.4
793,3840,0,0.1,29.172,25.354,3.818,0.015,0.214,1.026,0.114,2.446,52.4,100649.0,1920.0,27.4,100398.4,3665.0,1,28800,8.98,2.738,192.4
794,3840,0,0.1,27.443,24.154,3.289,0.015,0.218,0.473,0.112,2.468,52.4,100649.0,1920.0,27.4,100398.4,3665.0,1,28800,8.98,2.738,192.4
795,3840,0,0.1,25.650,21.250,4.400,0.016,0.828,0.773,0.333,2.447,52.4,100649.0,1920.0,27.4,100398.4,3665.0,1,28800,8.98,2.730,192.4
796,3840,0,0.1,27.221,23.322,3.899,0.015,0.213,1.049,0.118,2.502,52.4,100649.0,1920.0,27.4,100398.4,3665.0,1,28800,8.98,2.730,192.4
797,3840,0,0.1,23.466,20.021,3.445,0.015,0.215,0.615,0.115,2.483,52.4,100649.0,1920.0,27.4,100398.4,3665.0,1,28800,8.98,2.730,192.4
798,1920,0,0.1,18.703,15.553,3.150,0.008,0.184,0.152,0.320,2.483,52.4,100649.0,1920.0,27.4,100398.4,3665.0,1,28800,8.62,2.730,192.6
799,3840,0,0.1,37.837,33.339,4.498,0.015,0.868,1.039,0.115,2.458,52.4,100649.0,1920.0,27.4,100398.4,3665.0,1,28800,8.62,2.730,192.6
800,3840,0,0.1,34.457,30.503,3.954,0.015,0.217,1.021,0.117,2.581,52.4,100649.0,1920.0,27.4,100398.4,3665.0,1,28800,8.62,2.730,192.6
801,3840,0,0.1,33.895,30.694,3.201,0.015,0.224,0.266,0.115,2.579,52.4,100649.0,1920.0,27.4,100398.4,3665.0,1,28800,8.62,2.730,192.6
802,3840,0,0.1,30.198,25.461,4.737,0.015,0.845,0.988,0.364,2.521,52.4,100649.0,1920.0,27.4,100398.4,3665.0,1,28800,8.62,2.706,192.6
803,3840,0,0.1,29.777,25.807,3.970,0.014,0.221,1.017,0.116,2.600,52.4,100649.0,1920.0,27.4,100398.4,3665.0,1,28800,8.62,2.706,192.6
804,3840,0,0.1,25.621,22.315,3.306,0.015,0.224,0.355,0.114,2.595,52.4,100649.0,1920.0,27.4,100398.4,3665.0,1,28800,8.62,2.706,192.6
805,1920,0,0.1,25.635,17.754,7.881,0.007,0.184,0.384,4.704,2.599,52.4,100649.0,1920.0,27.4,100398.4,3665.0,1,28800,8.21,2.706,192.5
806,1920,0,0.1,10.105,6.340,3.765,0.008,0.772,0.492,0.056,2.435,52.4,100649.0,1920.0,27.4,100398.4,3665.0,1,28800,8.21,2.706,192.5
807,3840,0,0.1,28.594,24.570,4.024,0.015,0.222,1.008,0.122,2.654,52.4,100649.0,1920.0,27.4,100398.4,3665.0,1,28800,8.21,2.706,192.5
808,3840,0,0.1,24.300,20.814,3.486,0.016,0.224,0.494,0.119,2.632,52.4,100649.0,1920.0,27.4,100398.4,3665.0,1,28800,8.21,2.706,192.5
809,1920,0,0.1,18.397,15.045,3.352,0.007,0.185,0.256,0.270,2.630,52.4,100649.0,1920.0,27.4,100398.4,3665.0,1,28800,8.21,2.691,192.5
810,3840,0,0.1,36.349,31.696,4.653,0.015,0.859,0.989,0.122,2.665,52.4,100649.0,1920.0,27.4,100398.4,3665.0,1,28800,8.21,2.691,192.5
811,3840,0,0.1,31.987,27.880,4.107,0.015,0.218,1.039,0.115,2.717,52.4,100649.0,1920.0,27.4,100398.4,3665.0,1,28800,8.21,2.691,192.5
812,3840,0,0.1,27.528,24.023,3.505,0.015,0.225,0.225,0.322,2.714,52.4,100649.0,1920.0,27.4,100398.4,3665.0,1,28800,7.77,2.691,192.3
813,3840,0,0.1,26.565,21.846,4.719,0.014,0.865,1.000,0.115,2.722,52.4,100649.0,1920.0,27.4,100398.4,3665.0,1,28800,7.77,2.691,192.3
814,1920,0,0.1,22.452,18.960,3.492,0.008,0.181,0.519,0.057,2.725,52.4,100649.0,1920.0,27.4,100398.4,3665.0,1,28800,7.77,2.691,192.3
815,1920,0,0.1,5.704,2.328,3.376,0.008,0.192,0.508,0.058,2.608,52.4,100649.0,1920.0,27.4,100398.4,3665.0,1,28800,7.77,2.691,192.3
816,1920,0,0.1,20.530,17.202,3.328,0.007,0.184,0.197,0.067,2.871,52.4,100649.0,1920.0,27.4,100398.4,3665.0,1,28800,7.77,2.691,192.3
817,1920,0,0.1,4.428,1.450,2.978,0.008,0.173,0.050,0.062,2.683,52.4,100649.0,1920.0,27.4,100398.4,3665.0,1,28800,7.77,2.691,192.3
818,1920,0,0.1,20.725,17.009,3.716,0.008,0.204,0.496,0.271,2.735,52.4,100649.0,1920.0,27.4,100398.4,3665.0,1,28800,7.77,2.475,192.3
819,1920,0,0.1,8.686,4.596,4.090,0.008,0.808,0.540,0.065,2.666,52.4,100649.0,1920.0,27.4,100398.4,3665.0,1,28800,7.77,2.475,192.3
820,3840,0,0.1,25.731,21.555,4.176,0.015,0.222,0.990,0.150,2.796,52.4,100649.0,1920.0,27.4,100398.4,3665.0,1,28800,7.77,2.475,192.3
821,3840,0,0.1,23.448,19.947,3.501,0.015,0.224,0.344,0.116,2.800,52.4,100649.0,1920.0,27.4,100398.4,3665.0,1,28800,7.77,2.475,192.3
822,1920,0,0.1,19.543,15.939,3.604,0.008,0.188,0.368,0.230,2.808,52.4,100649.0,1920.0,27.4,100398.4,3665.0,1,28800,7.32,2.475,195.8
823,1920,0,0.1,7.593,3.460,4.133,0.008,0.835,0.492,0.063,2.732,52.4,100649.0,1920.0,27.4,100398.4,3665.0,1,28800,7.32,2.475,195.8
824,3840,0,0.1,24.162,19.942,4.220,0.015,0.223,1.026,0.120,2.833,52.4,100649.0,1920.0,27.4,100398.4,3665.0,1,28800,7.32,2.475,195.8
825,1920,0,0.1,21.839,18.343,3.496,0.008,0.186,0.414,0.062,2.823,52.4,100649.0,1920.0,27.4,100398.4,3665.0,1,28800,7.32,2.475,195.8
826,1920,0,0.1,5.390,2.312,3.078,0.011,0.196,0.061,0.060,2.749,52.4,100649.0,1920.0,27.4,100398.4,3665.0,1,28800,7.32,2.475,195.8
827,1920,0,0.1,21.796,18.207,3.589,0.007,0.188,0.262,0.274,2.856,52.4,100649.0,1920.0,27.4,100398.4,3665.0,1,28800,7.32,2.263,195.8
828,1920,0,0.1,9.515,5.331,4.184,0.007,0.833,0.497,0.066,2.778,52.4,100649.0,1920.0,27.4,100398.4,3665.0,1,28800,7.32,2.263,195.8
829,3840,0,0.1,26.882,22.588,4.294,0.015,0.234,1.000,0.126,2.916,52.4,100649.0,1920.0,27.4,100398.4,3665.0,1,28800,7.32,2.263,195.8
830,3840,0,0.1,25.090,21.192,3.898,0.015,0.226,0.575,0.117,2.960,52.4,100649.0,1920.0,27.4,100398.4,3665.0,1,28800,7.32,2.263,195.8
831,3840,0,0.1,23.987,19.199,4.788,0.015,0.863,0.661,0.382,2.864,52.4,100649.0,1920.0,27.4,100398.4,3665.0,1,28800,6.88,2.263,202.6
832,3840,0,0.1,25.164,20.799,4.365,0.015,0.220,1.037,0.143,2.947,52.4,100649.0,1920.0,27.4,100398.4,3665.0,1,28800,6.88,2.263,202.6
833,3840,0,0.1,25.071,20.909,4.162,0.015,0.255,0.765,0.121,3.003,52.4,100649.0,1920.0,27.4,100398.4,3665.0,1,28800,6.88,2.263,202.6
834,1920,0,0.1,22.218,18.730,3.488,0.008,0.219,0.053,0.069,3.137,52.4,100649.0,1920.0,27.4,100398.4,3665.0,1,28800,6.88,2.263,202.6
835,1920,0,0.1,5.409,1.570,3.839,0.008,0.167,0.549,0.275,2.839,52.4,100649.0,1920.0,27.4,100398.4,3665.0,1,28800,6.88,0.181,202.6
836,3840,0,0.1,26.102,21.021,5.081,0.015,0.891,1.075,0.156,2.940,52.4,100649.0,1920.0,27.4,100398.4,3665.0,1,28800,6.88,0.181,202.6
837,1920,0,0.1,22.639,18.790,3.849,0.008,0.190,0.547,0.058,3.046,52.4,100649.0,1920.0,27.4,100398.4,3665.0,1,28800,6.88,0.181,202.6
838,1920,0,0.1,6.185,2.691,3.494,0.008,0.175,0.321,0.060,2.928,52.4,100649.0,1920.0,27.4,100398.4,3665.0,1,28800,6.88,0.181,202.6
839,1920,0,0.1,20.426,16.870,3.556,0.008,0.187,0.052,0.068,3.239,52.4,100649.0,1920.0,27.4,100398.4,3665.0,1,28800,6.88,0.181,202.6
840,1920,0,0.1,5.132,1.350,3.782,0.008,0.172,0.399,0.276,2.924,52.4,100649.0,1920.0,27.4,100398.4,3665.0,1,28800,6.43,0.181,203.0
841,3840,0,0.1,25.394,20.283,5.111,0.016,0.891,1.076,0.115,3.012,52.4,100649.0,1920.0,27.4,100398.4,3665.0,1,28800,6.43,0.181,203.0
842,1920,0,0.1,22.988,19.112,3.876,0.007,0.183,0.550,0.057,3.076,52.4,100649.0,1920.0,27.4,100398.4,3665.0,1,28800,6.43,0.181,203.0
843,1920,0,0.1,6.269,2.631,3.638,0.008,0.172,0.443,0.059,2.955,52.4,100649.0,1920.0,27.4,100398.4,3665.0,1,28800,6.43,0.181,203.0
844,1920,0,0.1,20.720,17.119,3.601,0.007,0.191,0.061,0.077,3.262,52.4,100649.0,1920.0,27.4,100398.4,3665.0,1,28800,6.43,0.181,203.0
845,1920,0,0.1,5.320,1.635,3.685,0.007,0.178,0.276,0.246,2.976,52.4,100649.0,1920.0,27.4,100398.4,3665.0,1,28800,6.43,0.172,203.0
846,3840,0,0.1,25.016,19.860,5.156,0.016,0.945,1.072,0.114,3.007,52.4,100649.0,1920.0,27.4,100398.4,3665.0,1,28800,6.43,0.172,203.0
847,1920,0,0.1,21.739,17.840,3.899,0.007,0.188,0.568,0.058,3.076,52.4,100649.0,1920.0,27.4,100398.4,3665.0,1,28800,6.43,0.172,203.0
848,1920,0,0.1,6.451,2.684,3.767,0.007,0.175,0.547,0.058,2.978,52.4,100649.0,1920.0,27.4,100398.4,3665.0,1,28800,6.43,0.172,203.0
849,1920,0,0.1,21.830,18.193,3.637,0.008,0.190,0.081,0.072,3.284,52.4,100649.0,1920.0,27.4,100398.4,3665.0,1,28800,6.43,0.172,203.0
850,1920,0,0.1,5.388,1.750,3.638,0.010,0.174,0.144,0.279,3.029,52.4,100649.0,1920.0,27.4,100398.4,3665.0,1,28800,5.99,0.172,202.7
851,3840,0,0.1,25.550,20.371,5.179,0.015,0.945,1.022,0.114,3.080,52.3,100348.4,1920.0,27.4,100398.4,3665.0,1,28800,5.99,0.172,202.7
852,3840,0,0.1,24.611,20.097,4.514,0.015,0.231,1.043,0.119,3.104,52.3,100348.4,1920.0,27.4,100398.4,3665.0,1,28800,5.99,0.172,202.7
853,1920,0,0.1,21.507,17.670,3.837,0.008,0.191,0.218,0.066,3.352,52.3,100348.4,1920.0,33.7,99900.9,2964.0,1,28800,5.99,0.172,202.7
854,1920,0,0.1,5.464,2.075,3.389,0.007,0.177,0.049,0.059,3.095,52.3,100348.4,1920.0,33.7,99900.9,2964.0,1,28800,5.99,0.172,202.7
855,3840,0,0.1,25.856,20.368,5.488,0.016,0.901,1.031,0.368,3.169,52.3,100348.4,1920.0,33.7,99900.9,2964.0,1,28800,5.99,0.184,202.7
856,3840,0,0.1,28.184,23.525,4.659,0.014,0.243,1.029,0.117,3.253,52.3,100348.4,1920.0,33.7,99900.9,2964.0,1,28800,5.99,0.184,202.7
857,3840,0,0.1,25.597,21.654,3.943,0.015,0.231,0.361,0.113,3.221,52.3,100348.4,1920.0,33.7,99900.9,2964.0,1,28800,5.99,0.184,202.7
858,1920,0,0.1,22.633,18.544,4.089,0.007,0.207,0.415,0.236,3.222,52.3,100348.4,1920.0,33.7,99900.9,2964.0,1,28800,5.53,0.184,203.3
859,1920,0,0.1,10.511,5.862,4.649,0.007,0.857,0.555,0.064,3.163,52.3,100348.4,1920.0,33.7,99900.9,2964.0,1,28800,5.53,0.184,203.3
860,3840,0,0.1,26.544,21.825,4.719,0.015,0.229,1.061,0.119,3.292,52.3,100348.4,1920.0,33.7,99900.9,2964.0,1,28800,5.53,0.184,203.3
861,1920,0,0.1,22.636,18.634,4.002,0.008,0.194,0.460,0.063,3.276,52.3,100348.4,1920.0,33.7,99900.9,2964.0,1,28800,5.53,0.184,203.3
862,1920,0,0.1,6.187,2.733,3.454,0.007,0.181,0.053,0.058,3.153,52.3,100348.4,1920.0,33.7,99900.9,2964.0,1,28800,5.53,0.184,203.3
863,1920,0,0.1,21.123,17.160,3.963,0.008,0.192,0.273,0.257,3.231,52.3,100348.4,1920.0,33.7,99900.9,2964.0,1,28800,5.53,0.168,203.3
864,1920,0,0.1,9.424,4.788,4.636,0.007,0.855,0.514,0.065,3.192,52.3,100348.4,1920.0,33.7,99900.9,2964.0,1,28800,5.53,0.168,203.3
865,3840,0,0.1,25.712,20.979,4.733,0.015,0.228,1.043,0.117,3.328,52.3,100348.4,1920.0,33.7,99900.9,2964.0,1,28800,5.53,0.168,203.3
866,1920,0,0.1,22.558,18.441,4.117,0.008,0.195,0.530,0.058,3.324,52.3,100348.4,1920.0,33.7,99900.9,2964.0,1,28800,5.53,0.168,203.3
867,1920,0,0.1,6.538,3.023,3.515,0.008,0.176,0.075,0.074,3.181,52.3,100348.4,1920.0,33.7,99900.9,2964.0,1,28800,5.53,0.168,203.3
868,1920,0,0.1,22.160,18.170,3.990,0.008,0.196,0.152,0.304,3.328,52.3,100348.4,1920.0,33.7,99900.9,2964.0,1,28800,5.11,0.168,203.8
869,1920,0,0.1,10.148,5.411,4.737,0.008,0.869,0.522,0.063,3.273,52.3,100348.4,1920.0,33.7,99900.9,2964.0,1,28800,5.11,0.168,203.8
870,3840,0,0.1,26.035,21.264,4.771,0.015,0.228,1.041,0.117,3.368,52.3,100348.4,1920.0,33.7,99900.9,2964.0,1,28800,5.11,0.168,203.8
871,3840,0,0.1,24.005,19.464,4.541,0.015,0.233,0.745,0.121,3.425,52.3,100348.4,1920.0,33.7,99900.9,2964.0,1,28800,5.11,0.168,203.8
872,1920,0,0.1,19.941,16.037,3.904,0.008,0.194,0.053,0.074,3.574,52.3,100348.4,1920.0,33.7,99900.9,2964.0,1,28800,5.11,0.168,203.8
873,1920,0,0.1,5.093,0.913,4.180,0.008,0.181,0.526,0.240,3.224,52.3,100348.4,1920.0,33.7,99900.9,2964.0,1,28800,5.11,0.178,203.8
874,3840,0,0.1,24.721,19.320,5.401,0.014,0.929,0.999,0.119,3.338,52.3,100348.4,1920.0,33.7,99900.9,2964.0,1,28800,5.11,0.178,203.8
875,1920,0,0.1,20.698,16.543,4.155,0.008,0.196,0.511,0.057,3.382,52.3,100348.4,1920.0,33.7,99900.9,2964.0,1,28800,5.11,0.178,203.8
876,1920,0,0.1,6.508,2.652,3.856,0.009,0.179,0.300,0.059,3.308,52.3,100348.4,1920.0,33.7,99900.9,2964.0,1,28800,5.11,0.178,203.8
877,1920,0,0.1,19.607,15.646,3.961,0.007,0.195,0.052,0.070,3.635,52.3,100348.4,1920.0,33.7,99900.9,2964.0,1,28800,5.11,0.178,203.8
878,1920,0,0.1,4.742,0.590,4.152,0.008,0.182,0.400,0.268,3.294,52.3,100348.4,1920.0,33.7,99900.9,2964.0,1,28800,4.67,0.178,205.3
879,1920,0,0.1,23.773,18.850,4.923,0.008,0.898,0.513,0.065,3.438,52.3,100348.4,1920.0,33.7,99900.9,2964.0,1,28800,4.67,0.178,205.3
880,1920,0,0.1,7.721,3.699,4.022,0.007,0.171,0.507,0.061,3.273,52.3,100348.4,1920.0,33.7,99900.9,2964.0,1,28800,4.67,0.178,205.3
881,3840,0,0.1,24.077,19.353,4.724,0.015,0.231,0.932,0.122,3.422,52.3,100348.4,1920.0,33.7,99900.9,2964.0,1,28800,4.67,0.178,205.3
882,1920,0,0.1,21.206,17.162,4.044,0.007,0.196,0.061,0.067,3.711,52.3,100348.4,1920.0,33.7,99900.9,2964.0,1,28800,4.67,0.178,205.3
883,1920,0,0.1,6.244,2.166,4.078,0.007,0.182,0.261,0.255,3.371,52.3,100348.4,1920.0,33.7,99900.9,2964.0,1,28800,4.67,0.163,205.3
884,3840,0,0.1,26.762,21.229,5.533,0.015,0.940,1.025,0.119,3.430,52.3,100348.4,1920.0,33.7,99900.9,2964.0,1,28800,4.67,0.163,205.3
885,1920,0,0.1,23.360,19.075,4.285,0.008,0.192,0.504,0.057,3.523,52.3,100348.4,1920.0,33.7,99900.9,2964.0,1,28800,4.67,0.163,205.3
886,1920,0,0.1,7.289,3.151,4.138,0.009,0.181,0.508,0.059,3.377,52.3,100348.4,1920.0,33.7,99900.9,2964.0,1,28800,4.67,0.163,205.3
887,1920,0,0.1,23.146,19.052,4.094,0.008,0.221,0.083,0.072,3.709,52.3,100348.4,1920.0,33.7,99900.9,2964.0,1,28800,4.67,0.163,205.3
888,1920,0,0.1,6.200,2.151,4.049,0.027,0.182,0.167,0.272,3.399,52.3,100348.4,1920.0,33.7,99900.9,2964.0,1,28800,4.24,0.163,205.6
889,3840,0,0.1,27.907,22.248,5.659,0.015,0.973,1.024,0.118,3.527,52.3,100348.4,1920.0,33.7,99900.9,2964.0,1,28800,4.24,0.163,205.6
890,3840,0,0.1,24.480,19.470,5.010,0.015,0.232,1.053,0.116,3.590,52.3,100348.4,1920.0,33.7,99900.9,2964.0,1,28800,4.24,0.163,205.6
891,1920,0,0.1,21.899,17.751,4.148,0.007,0.196,0.197,0.064,3.681,52.3,100348.4,1920.0,33.7,99900.9,2964.0,1,28800,4.24,0.163,205.6
892,1920,0,0.1,6.181,2.416,3.765,0.007,0.184,0.047,0.058,3.467,52.3,100348.4,1920.0,33.7,99900.9,2964.0,1,28800,4.24,0.163,205.6
893,1920,0,0.1,22.051,17.481,4.570,0.008,0.199,0.504,0.223,3.634,52.3,100348.4,1920.0,33.7,99900.9,2964.0,1,28800,4.24,0.179,205.6
894,1920,0,0.1,10.625,5.639,4.986,0.007,0.881,0.520,0.063,3.514,52.3,100348.4,1920.0,33.7,99900.9,2964.0,1,28800,4.24,0.179,205.6
895,3840,0,0.1,28.508,23.409,5.099,0.015,0.237,1.052,0.120,3.672,52.3,100348.4,1920.0,33.7,99900.9,2964.0,1,28800,4.24,0.179,205.6
896,3840,0,0.1,26.341,21.971,4.370,0.015,0.253,0.356,0.116,3.628,52.3,100348.4,1920.0,33.7,99900.9,2964.0,1,28800,4.24,0.179,205.6
897,3840,0,0.1,25.777,19.918,5.859,0.015,0.934,0.908,0.360,3.640,52.3,100348.4,1920.0,33.7,99900.9,2964.0,1,28800,3.79,0.179,206.0
898,3840,0,0.1,27.898,22.801,5.097,0.015,0.239,1.026,0.123,3.693,52.3,100348.4,1920.0,33.7,99900.9,2964.0,1,28800,3.79,0.179,206.0
899,3840,0,0.1,26.091,21.579,4.512,0.015,0.240,0.446,0.111,3.698,52.3,100348.4,1920.0,33.7,99900.9,2964.0,1,28800,3.79,0.179,206.0
900,3840,0,0.1,25.582,19.890,5.692,0.015,0.950,0.739,0.327,3.658,52.3,100348.4,1920.0,33.7,99900.9,2964.0,1,28800,3.79,0.180,206.0
901,3840,0,0.1,28.474,23.419,5.055,0.016,0.237,0.930,0.119,3.752,52.3,100348.4,1920.0,33.7,99900.9,2964.0,1,28800,3.79,0.180,206.0
902,3840,0,0.1,26.671,21.974,4.697,0.015,0.239,0.542,0.112,3.787,52.3,100348.4,1920.0,33.7,99900.9,2964.0,1,28800,3.79,0.180,206.0
903,3840,0,0.1,25.354,19.659,5.695,0.015,0.950,0.619,0.359,3.752,52.3,100348.4,1920.0,33.7,99900.9,2964.0,1,28800,3.34,0.180,207.4
904,3840,0,0.1,26.876,21.756,5.120,0.015,0.237,0.931,0.119,3.815,52.3,100348.4,1920.0,33.7,99900.9,2964.0,1,28800,3.34,0.180,207.4
905,3840,0,0.1,25.344,20.469,4.875,0.015,0.237,0.646,0.119,3.856,52.3,100348.4,1920.0,33.7,99900.9,2964.0,1,28800,3.34,0.180,207.4
906,1920,0,0.1,22.996,18.680,4.316,0.007,0.204,0.051,0.071,3.981,52.3,100348.4,1920.0,33.7,99900.9,2964.0,1,28800,3.34,0.180,207.4
907,1920,0,0.1,7.023,2.382,4.641,0.008,0.189,0.454,0.232,3.755,52.3,100348.4,1920.0,33.7,99900.9,2964.0,1,28800,3.34,0.178,207.4
908,3840,0,0.1,28.939,23.126,5.813,0.015,0.975,0.986,0.114,3.721,52.3,100348.4,1920.0,33.7,99900.9,2964.0,1,28800,3.34,0.178,207.4
909,3840,0,0.1,26.982,21.903,5.079,0.015,0.237,0.846,0.116,3.863,52.3,100348.4,1920.0,33.7,99900.9,2964.0,1,28800,3.34,0.178,207.4
910,3840,0,0.1,25.883,20.927,4.956,0.015,0.241,0.454,0.348,3.896,52.3,100348.4,1920.0,33.7,99900.9,2964.0,1,28800,2.87,0.178,208.2
911,3840,0,0.1,27.870,21.829,6.041,0.015,1.015,1.032,0.117,3.860,52.3,100348.4,1920.0,33.7,99900.9,2964.0,1,28800,2.87,0.178,208.2
912,3840,0,0.1,27.168,21.882,5.286,0.015,0.238,0.963,0.120,3.947,52.3,100348.4,1920.0,33.7,99900.9,2964.0,1,28800,2.87,0.178,208.2
913,3840,0,0.1,26.213,21.425,4.788,0.015,0.236,0.329,0.267,3.939,52.3,100348.4,1920.0,33.7,99900.9,2964.0,1,28800,2.87,0.189,208.2
914,3840,0,0.1,29.722,23.622,6.100,0.015,0.995,1.046,0.119,3.923,52.3,100348.4,1920.0,33.7,99900.9,2964.0,1,28800,2.87,0.189,208.2
915,3840,0,0.1,28.260,22.823,5.437,0.015,0.236,1.058,0.120,4.007,52.3,100348.4,1920.0,33.7,99900.9,2964.0,1,28800,2.87,0.189,208.2
916,3840,0,0.1,26.135,21.360,4.775,0.015,0.245,0.252,0.294,3.968,52.3,100348.4,1920.0,33.7,99900.9,2964.0,1,28800,2.42,0.189,208.8
917,3840,0,0.1,30.372,24.278,6.094,0.015,0.966,1.036,0.120,3.955,52.3,100348.4,1920.0,33.7,99900.9,2964.0,1,28800,2.42,0.189,208.8
918,3840,0,0.1,30.161,24.750,5.411,0.015,0.241,0.975,0.121,4.056,52.3,100348.4,1920.0,33.7,99900.9,2964.0,1,28800,2.42,0.189,208.8
919,3840,0,0.1,29.727,25.097,4.630,0.014,0.244,0.246,0.118,4.004,52.3,100348.4,1920.0,33.7,99900.9,2964.0,1,28800,2.42,0.189,208.8
920,3840,0,0.1,31.144,24.879,6.265,0.015,0.962,0.942,0.337,4.007,52.1,100099.3,1920.0,33.7,99900.9,2964.0,1,28800,2.42,0.184,208.8
921,3840,0,0.1,34.703,29.263,5.440,0.015,0.242,0.994,0.121,4.066,52.1,100099.3,1920.0,33.9,100398.4,2964.0,1,28800,2.42,0.184,208.8
922,3840,0,0.1,35.070,30.288,4.782,0.015,0.244,0.343,0.117,4.059,52.1,100099.3,1920.0,33.9,100398.4,2964.0,1,28800,2.42,0.184,208.8
923,3840,0,0.1,36.433,30.172,6.261,0.015,0.978,0.848,0.368,4.051,52.1,100099.3,1920.0,33.9,100398.4,2964.0,1,28800,1.94,0.184,209.0
924,3840,0,0.1,38.867,33.432,5.435,0.015,0.239,0.948,0.120,4.111,52.1,100099.3,1920.0,33.9,100398.4,2964.0,1,28800,1.94,0.184,209.0
925,1920,0,0.1,25.331,20.779,4.552,0.008,0.208,0.377,0.062,3.895,52.1,100099.3,1920.0,33.9,100398.4,2964.0,1,28800,1.94,0.184,209.0
926,1920,0,0.1,23.403,18.755,4.648,0.007,0.219,0.058,0.072,4.290,52.1,100099.3,1920.0,33.9,100398.4,2964.0,1,28800,1.94,0.184,209.0
927,1920,0,0.1,7.437,2.823,4.614,0.007,0.195,0.238,0.236,3.935,52.1,100099.3,1920.0,33.9,100398.4,2964.0,1,28800,1.94,0.186,209.0
928,3840,0,0.1,30.431,24.315,6.116,0.015,0.993,0.958,0.115,4.032,52.1,100099.3,1920.0,33.9,100398.4,2964.0,1,28800,1.94,0.186,209.0
929,3840,0,0.1,30.183,24.606,5.577,0.015,0.240,1.013,0.120,4.186,52.1,100099.3,1920.0,33.9,100398.4,2964.0,1,28800,1.94,0.186,209.0
930,3840,0,0.1,29.256,24.286,4.970,0.015,0.248,0.243,0.299,4.164,52.1,100099.3,1920.0,33.9,100398.4,2964.0,1,28800,1.47,0.186,209.4
931,3840,0,0.1,32.646,26.365,6.281,0.015,0.991,0.992,0.117,4.163,52.1,100099.3,1920.0,33.9,100398.4,2964.0,1,28800,1.47,0.186,209.4
932,3840,0,0.1,32.603,26.867,5.736,0.016,0.243,1.035,0.120,4.320,52.1,100099.3,1920.0,33.9,100398.4,2964.0,1,28800,1.47,0.186,209.4
933,3840,0,0.1,31.265,26.429,4.836,0.016,0.246,0.245,0.113,4.215,52.1,100099.3,1920.0,33.9,100398.4,2964.0,1,28800,1.47,0.186,209.4
934,3840,0,0.1,31.730,25.221,6.509,0.014,0.987,1.007,0.326,4.173,52.1,100099.3,1920.0,33.9,100398.4,2964.0,1,28800,1.47,0.175,209.4
935,3840,0,0.1,33.909,28.169,5.740,0.016,0.247,1.052,0.117,4.307,52.1,100099.3,1920.0,33.9,100398.4,2964.0,1,28800,1.47,0.175,209.4
936,3840,0,0.1,33.209,28.128,5.081,0.015,0.249,0.365,0.117,4.333,52.1,100099.3,1920.0,33.9,100398.4,2964.0,1,28800,1.47,0.175,209.4
937,3840,0,0.1,33.759,27.196,6.563,0.015,0.997,0.952,0.370,4.229,52.1,100099.3,1920.0,33.9,100398.4,2964.0,1,28800,1.03,0.175,209.0
938,3840,0,0.1,36.718,30.963,5.755,0.016,0.245,1.042,0.119,4.331,52.1,100099.3,1920.0,33.9,100398.4,2964.0,1,28800,1.03,0.175,209.0
939,3840,0,0.1,35.346,31.081,4.265,0.015,0.250,0.475,0.110,3.413,52.1,100099.3,1920.0,33.9,100398.4,2964.0,1,28800,1.03,0.175,209.0
940,3840,0,0.1,33.303,28.983,4.320,0.016,1.010,0.810,0.352,2.130,52.1,100099.3,1920.0,33.9,100398.4,2964.0,1,28800,1.03,0.189,209.0
941,3840,0,0.1,33.347,29.674,3.673,0.015,0.246,1.041,0.115,2.254,52.1,100099.3,1920.0,33.9,100398.4,2964.0,1,28800,1.03,0.189,209.0
942,3840,0,0.1,30.426,27.140,3.286,0.015,0.244,0.596,0.115,2.314,52.1,100099.3,1920.0,33.9,100398.4,2964.0,1,28800,1.03,0.189,209.0
943,3840,0,0.1,27.283,22.936,4.347,0.015,1.029,0.685,0.374,2.241,52.1,100099.3,1920.0,33.9,100398.4,2964.0,1,28800,0.56,0.189,208.8
944,3840,0,0.1,27.370,23.645,3.725,0.014,0.246,1.052,0.121,2.289,52.1,100099.3,1920.0,33.9,100398.4,2964.0,1,28800,0.56,0.189,208.8
945,3840,0,0.1,24.260,20.825,3.435,0.015,0.249,0.710,0.115,2.344,52.1,100099.3,1920.0,33.9,100398.4,2964.0,1,28800,0.56,0.189,208.8
946,1920,0,0.1,19.837,16.963,2.874,0.008,0.234,0.051,0.068,2.511,52.1,100099.3,1920.0,33.9,100398.4,2964.0,1,28800,0.56,0.189,208.8
947,1920,0,0.1,4.013,0.800,3.213,0.008,0.196,0.486,0.254,2.267,52.1,100099.3,1920.0,33.9,100398.4,2964.0,1,28800,0.56,0.172,208.8
948,3840,0,0.1,25.325,20.857,4.468,0.015,1.033,0.996,0.114,2.308,52.1,100099.3,1920.0,33.9,100398.4,2964.0,1,28800,0.56,0.172,208.8
949,3840,0,0.1,23.840,20.269,3.571,0.014,0.250,0.783,0.119,2.402,52.1,100099.3,1920.0,33.9,100398.4,2964.0,1,28800,0.56,0.172,208.8
950,1920,0,0.1,19.115,16.233,2.882,0.008,0.210,0.052,0.070,2.541,52.1,100099.3,1920.0,33.9,100398.4,2964.0,1,28800,0.56,0.172,208.8
951,3840,0,0.1,34.717,30.086,4.631,0.015,1.012,0.837,0.378,2.387,52.1,100099.3,1920.0,33.9,100398.4,2964.0,1,28800,0.11,0.172,208.0
952,3840,0,0.1,34.282,30.496,3.786,0.015,0.249,0.966,0.119,2.436,52.1,100099.3,1920.0,33.9,100398.4,2964.0,1,28800,0.11,0.172,208.0
953,3840,0,0.1,30.742,27.477,3.265,0.015,0.250,0.471,0.110,2.417,52.1,100099.3,1920.0,33.9,100398.4,2964.0,1,28800,0.11,0.172,208.0
954,3840,0,0.1,28.215,23.700,4.515,0.015,1.019,0.740,0.340,2.399,52.1,100099.3,1920.0,33.9,100398.4,2964.0,1,28800,0.11,0.167,208.0
955,3840,0,0.1,28.658,24.827,3.831,0.014,0.247,0.941,0.118,2.508,52.1,100099.3,1920.0,33.9,100398.4,2964.0,1,28800,0.11,0.167,208.0
956,3840,0,0.1,26.171,22.716,3.455,0.015,0.248,0.566,0.121,2.501,52.1,100099.3,1920.0,33.9,100398.4,2964.0,1,28800,0.11,0.167,208.0
957,1920,0,0.1,22.177,19.041,3.136,0.008,0.215,0.168,0.314,2.429,52.1,100099.3,1920.0,33.9,100398.4,2964.0,1,28800,-0.34,0.167,208.1
958,1920,0,0.1,9.041,5.068,3.973,0.007,0.983,0.522,0.063,2.395,52.1,100099.3,1920.0,33.9,100398.4,2964.0,1,28800,-0.34,0.167,208.1
959,3840,0,0.1,24.852,20.955,3.897,0.013,0.247,0.977,0.118,2.539,52.1,100099.3,1920.0,33.9,100398.4,2964.0,1,28800,-0.34,0.167,208.1
960,1920,0,0.1,22.219,18.914,3.305,0.008,0.213,0.496,0.057,2.530,52.1,100099.3,1920.0,33.9,100398.4,2964.0,1,28800,-0.34,0.167,208.1
961,1920,0,0.1,5.032,2.147,2.885,0.008,0.196,0.181,0.058,2.440,52.1,100099.3,1920.0,33.9,100398.4,2964.0,1,28800,-0.34,0.167,208.1
962,1920,0,0.1,20.059,16.983,3.076,0.008,0.215,0.053,0.069,2.730,52.1,100099.3,1920.0,33.9,100398.4,2964.0,1,28800,-0.34,0.167,208.1
963,1920,0,0.1,4.414,1.003,3.411,0.007,0.199,0.468,0.271,2.465,52.1,100099.3,1920.0,33.9,100398.4,2964.0,1,28800,-0.34,0.168,208.1
964,3840,0,0.1,25.218,20.537,4.681,0.016,1.067,0.980,0.114,2.502,52.1,100099.3,1920.0,33.9,100398.4,2964.0,1,28800,-0.34,0.168,208.1
965,1920,0,0.1,22.480,19.107,3.373,0.007,0.211,0.503,0.062,2.588,52.1,100099.3,1920.0,33.9,100398.4,2964.0,1,28800,-0.34,0.168,208.1
966,1920,0,0.1,5.300,2.224,3.076,0.008,0.200,0.297,0.063,2.506,52.1,100099.3,1920.0,33.9,100398.4,2964.0,1,28800,-0.34,0.168,208.1
967,1920,0,0.1,20.568,17.440,3.128,0.007,0.217,0.054,0.071,2.777,52.1,100099.3,1920.0,33.9,100398.4,2964.0,1,28800,-0.34,0.168,208.1
968,1920,0,0.1,4.642,1.265,3.377,0.009,0.200,0.369,0.286,2.511,52.1,100099.3,1920.0,33.9,100398.4,2964.0,1,28800,-0.80,0.168,208.1
969,3840,0,0.1,30.022,21.107,8.915,0.016,1.045,0.987,4.314,2.550,52.1,100099.3,1920.0,33.9,100398.4,2964.0,1,28800,-0.80,0.168,208.1
970,3840,0,0.1,27.336,23.342,3.994,0.015,0.252,0.937,0.119,2.668,52.1,100099.3,1920.0,33.9,100398.4,2964.0,1,28800,-0.80,0.168,208.1
971,3840,0,0.1,24.973,21.439,3.534,0.015,0.257,0.304,0.274,2.683,52.1,100099.3,1920.0,33.9,100398.4,2964.0,1,28800,-0.80,0.164,208.1
972,3840,0,0.1,26.671,21.857,4.814,0.015,1.055,0.987,0.119,2.634,52.1,100099.3,1920.0,33.9,100398.4,2964.0,1,28800,-0.80,0.164,208.1
973,3840,0,0.1,25.072,20.944,4.128,0.015,0.250,1.003,0.117,2.741,52.1,100099.3,1920.0,33.9,100398.4,2964.0,1,28800,-0.80,0.164,208.1
974,3840,0,0.1,22.941,19.427,3.514,0.014,0.255,0.239,0.305,2.698,52.1,100099.3,1920.0,33.9,100398.4,2964.0,1,28800,-1.25,0.164,208.3
975,3840,0,0.1,24.722,19.840,4.882,0.014,1.053,0.993,0.117,2.701,52.1,100099.3,1920.0,33.9,100398.4,2964.0,1,28800,-1.25,0.164,208.3
976,3840,0,0.1,23.168,18.999,4.169,0.015,0.253,1.031,0.121,2.746,52.1,100099.3,1920.0,33.9,100398.4,2964.0,1,28800,-1.25,0.164,208.3
977,1920,0,0.1,21.906,18.554,3.352,0.008,0.215,0.222,0.064,2.840,52.1,100099.3,1920.0,33.9,100398.4,2964.0,1,28800,-1.25,0.164,208.3
978,1920,0,0.1,4.633,1.625,3.008,0.007,0.196,0.048,0.063,2.692,52.1,100099.3,1920.0,33.9,100398.4,2964.0,1,28800,-1.25,0.164,208.3
979,1920,0,0.1,19.942,16.208,3.734,0.008,0.218,0.492,0.259,2.756,52.1,100099.3,1920.0,33.9,100398.4,2964.0,1,28800,-1.25,0.153,208.3
980,1920,0,0.1,7.926,3.682,4.244,0.007,1.022,0.516,0.065,2.633,52.1,100099.3,1920.0,33.9,100398.4,2964.0,1,28800,-1.25,0.153,208.3
981,3840,0,0.1,24.646,20.431,4.215,0.014,0.252,1.060,0.117,2.767,52.1,100099.3,1920.0,33.9,100398.4,2964.0,1,28800,-1.25,0.153,208.3
982,1920,0,0.1,21.947,18.550,3.397,0.007,0.217,0.346,0.080,2.745,52.3,100398.4,1920.0,33.9,100398.4,2964.0,1,28800,-1.25,0.153,208.3
983,1920,0,0.1,5.191,2.130,3.061,0.006,0.202,0.049,0.058,2.744,52.3,100398.4,1920.0,33.9,100398.4,2964.0,1,28800,-1.25,0.153,208.3
984,1920,0,0.1,20.576,16.876,3.700,0.007,0.224,0.423,0.235,2.808,52.3,100398.4,1920.0,33.9,100398.4,2964.0,1,28800,-1.71,0.153,208.4
985,1920,0,0.1,9.256,4.893,4.363,0.008,1.067,0.528,0.061,2.697,52.3,100398.4,1920.0,33.9,100398.4,2964.0,1,28800,-1.71,0.153,208.4
986,3840,0,0.1,26.185,21.875,4.310,0.015,0.271,1.063,0.120,2.840,52.3,100398.4,1920.0,32.2,100802.4,3131.0,1,28800,-1.71,0.153,208.4
987,3840,0,0.1,23.840,20.086,3.754,0.015,0.260,0.488,0.112,2.876,52.3,100398.4,1920.0,32.2,100802.4,3131.0,1,28800,-1.71,0.153,208.4
988,1920,0,0.1,20.586,16.988,3.598,0.008,0.221,0.279,0.284,2.804,52.3,100398.4,1920.0,32.2,100802.4,3131.0,1,28800,-1.71,0.143,208.4
989,1920,0,0.1,9.030,4.659,4.371,0.008,1.018,0.528,0.060,2.754,52.3,100398.4,1920.0,32.2,100802.4,3131.0,1,28800,-1.71,0.143,208.4
990,3840,0,0.1,26.389,22.058,4.331,0.016,0.256,1.056,0.144,2.857,52.3,100398.4,1920.0,32.2,100802.4,3131.0,1,28800,-1.71,0.143,208.4
991,3840,0,0.1,24.174,20.253,3.921,0.015,0.260,0.612,0.120,2.911,52.3,100398.4,1920.0,32.2,100802.4,3131.0,1,28800,-1.71,0.143,208.4
992,1920,0,0.1,20.908,17.325,3.583,0.008,0.223,0.180,0.314,2.856,52.3,100398.4,1920.0,32.2,100802.4,3131.0,1,28800,-2.18,0.143,208.8
993,1920,0,0.1,9.478,5.036,4.442,0.008,1.039,0.520,0.059,2.813,52.3,100398.4,1920.0,32.2,100802.4,3131.0,1,28800,-2.18,0.143,208.8
994,3840,0,0.1,26.432,22.055,4.377,0.015,0.256,1.040,0.119,2.943,52.3,100398.4,1920.0,32.2,100802.4,3131.0,1,28800,-2.18,0.143,208.8
995,3840,0,0.1,24.857,20.747,4.110,0.014,0.260,0.720,0.118,2.993,52.3,100398.4,1920.0,32.2,100802.4,3131.0,1,28800,-2.18,0.143,208.8
996,1920,0,0.1,21.974,18.475,3.499,0.008,0.222,0.055,0.068,3.144,52.3,100398.4,1920.0,32.2,100802.4,3131.0,1,28800,-2.18,0.143,208.8
997,1920,0,0.1,5.481,1.645,3.836,0.008,0.208,0.496,0.250,2.872,52.3,100398.4,1920.0,32.2,100802.4,3131.0,1,28800,-2.18,0.137,208.8
998,3840,0,0.1,26.588,21.409,5.179,0.015,1.106,1.023,0.129,2.903,52.3,100398.4,1920.0,32.2,100802.4,3131.0,1,28800,-2.18,0.137,208.8
999,3840,0,0.1,24.384,20.140,4.244,0.015,0.259,0.818,0.121,3.029,52.3,100398.4,1920.0,32.2,100802.4,3131.0,1,28800,-2.18,0.137,208.8
1000,1920,0,0.1,21.885,18.317,3.568,0.008,0.226,0.053,0.072,3.207,52.3,100398.4,1920.0,32.2,100802.4,3131.0,1,28800,-2.18,0.137,208.8
1001,1920,0,0.1,7.809,4.175,3.634,0.008,0.198,0.398,0.212,2.817,52.3,100398.4,1920.0,32.2,100802.4,3131.0,1,28800,-2.64,0.137,209.2
1002,3840,0,0.1,29.761,24.486,5.275,0.015,1.088,1.041,0.118,3.010,52.3,100398.4,1920.0,32.2,100802.4,3131.0,1,28800,-2.64,0.137,209.2
1003,3840,0,0.1,28.990,24.564,4.426,0.014,0.261,0.943,0.118,3.086,52.3,100398.4,1920.0,32.2,100802.4,3131.0,1,28800,-2.64,0.137,209.2
1004,3840,0,0.1,26.912,22.971,3.941,0.015,0.261,0.321,0.271,3.069,52.3,100398.4,1920.0,32.2,100802.4,3131.0,1,28800,-2.64,0.148,209.2
1005,3840,0,0.1,28.944,23.601,5.343,0.015,1.091,1.030,0.118,3.085,52.3,100398.4,1920.0,32.2,100802.4,3131.0,1,28800,-2.64,0.148,209.2
1006,3840,0,0.1,27.615,23.069,4.546,0.015,0.260,1.003,0.119,3.147,52.3,100398.4,1920.0,32.2,100802.4,3131.0,1,28800,-2.64,0.148,209.2
1007,3840,0,0.1,25.727,21.787,3.940,0.015,0.265,0.243,0.304,3.110,52.3,100398.4,1920.0,32.2,100802.4,3131.0,1,28800,-3.12,0.148,210.1
1008,3840,0,0.1,28.429,23.058,5.371,0.015,1.113,1.027,0.123,3.089,52.3,100398.4,1920.0,32.2,100802.4,3131.0,1,28800,-3.12,0.148,210.1
1009,3840,0,0.1,28.366,23.741,4.625,0.015,0.262,1.020,0.120,3.205,52.3,100398.4,1920.0,32.2,100802.4,3131.0,1,28800,-3.12,0.148,210.1
1010,3840,0,0.1,25.140,21.352,3.788,0.015,0.263,0.244,0.119,3.144,52.3,100398.4,1920.0,32.2,100802.4,3131.0,1,28800,-3.12,0.148,210.1
1011,1920,0,0.1,22.179,17.988,4.191,0.008,0.227,0.509,0.260,3.184,52.3,100398.4,1920.0,32.2,100802.4,3131.0,1,28800,-3.12,0.149,210.1
1012,1920,0,0.1,10.627,5.940,4.687,0.008,1.046,0.507,0.065,3.060,52.3,100398.4,1920.0,32.2,100802.4,3131.0,1,28800,-3.12,0.149,210.1
1013,3840,0,0.1,27.318,22.717,4.601,0.015,0.258,1.015,0.115,3.195,52.3,100398.4,1920.0,32.2,100802.4,3131.0,1,28800,-3.12,0.149,210.1
1014,3840,0,0.1,24.515,20.550,3.965,0.014,0.262,0.352,0.113,3.220,52.3,100398.4,1920.0,32.2,100802.4,3131.0,1,28800,-3.12,0.149,210.1
1015,1920,0,0.1,23.056,18.940,4.116,0.007,0.233,0.412,0.227,3.235,52.3,100398.4,1920.0,32.2,100802.4,3131.0,1,28800,-1.19,0.149,210.9
1016,1920,0,0.1,11.109,6.342,4.767,0.008,1.057,0.508,0.066,3.127,52.3,100398.4,1920.0,32.2,100802.4,3131.0,1,28800,-1.19,0.149,210.9
1017,3840,0,0.1,29.952,25.261,4.691,0.015,0.290,1.042,0.118,3.221,52.3,100398.4,1920.0,32.2,100802.4,3131.0,1,28800,-1.19,0.149,210.9
1018,3840,0,0.1,27.978,23.805,4.173,0.014,0.266,0.482,0.111,3.294,52.3,100398.4,1920.0,32.2,100802.4,3131.0,1,28800,-1.19,0.149,210.9
1019,3840,0,0.1,27.675,22.145,5.530,0.015,1.103,0.773,0.365,3.273,52.3,100398.4,1920.0,32.2,100802.4,3131.0,1,28800,-1.19,0.155,210.9
1020,3840,0,0.1,29.231,24.468,4.763,0.015,0.261,1.043,0.120,3.323,52.3,100398.4,1920.0,32.2,100802.4,3131.0,1,28800,-1.19,0.155,210.9
1021,3840,0,0.1,27.096,22.723,4.373,0.015,0.264,0.609,0.117,3.365,52.3,100398.4,1920.0,32.2,100802.4,3131.0,1,28800,-1.19,0.155,210.9
1022,3840,0,0.1,26.237,20.738,5.499,0.014,1.109,0.681,0.403,3.289,52.3,100398.4,1920.0,32.2,100802.4,3131.0,1,28800,-1.59,0.155,212.0
1023,3840,0,0.1,27.844,23.035,4.809,0.015,0.262,1.033,0.152,3.345,52.3,100398.4,1920.0,32.2,100802.4,3131.0,1,28800,-1.59,0.155,212.0
1024,3840,0,0.1,26.994,22.423,4.571,0.015,0.270,0.729,0.121,3.433,52.3,100398.4,1920.0,32.2,100802.4,3131.0,1,28800,-1.59,0.155,212.0
1025,3840,0,0.1,26.663,22.040,4.623,0.015,0.265,0.564,0.340,3.436,52.3,100398.4,1920.0,32.2,100802.4,3131.0,1,28800,-1.59,0.176,212.0
1026,3840,0,0.1,29.714,23.983,5.731,0.014,1.137,1.077,0.121,3.379,52.3,100398.4,1920.0,32.2,100802.4,3131.0,1,28800,-1.59,0.176,212.0
1027,3840,0,0.1,27.781,23.025,4.756,0.015,0.270,0.898,0.123,3.446,52.3,100398.4,1920.0,32.2,100802.4,3131.0,1,28800,-1.59,0.176,212.0
1028,3840,0,0.1,26.614,22.002,4.612,0.015,0.268,0.470,0.362,3.495,52.3,100398.4,1920.0,32.2,100802.4,3131.0,1,28800,-1.99,0.176,213.2
1029,3840,0,0.1,28.661,22.863,5.798,0.016,1.164,1.061,0.117,3.438,52.3,100398.4,1920.0,32.2,100802.4,3131.0,1,28800,-1.99,0.176,213.2
1030,3840,0,0.1,27.545,22.631,4.914,0.015,0.267,0.963,0.121,3.546,52.3,100398.4,1920.0,32.2,100802.4,3131.0,1,28800,-1.99,0.176,213.2
1031,3840,0,0.1,25.548,21.164,4.384,0.014,0.269,0.326,0.265,3.507,52.3,100398.4,1920.0,32.2,100802.4,3131.0,1,28800,-1.99,0.181,213.2
1032,3840,0,0.1,27.730,21.867,5.863,0.015,1.157,1.062,0.117,3.509,52.3,100398.4,1920.0,32.2,100802.4,3131.0,1,28800,-1.99,0.181,213.2
1033,3840,0,0.1,26.637,21.652,4.985,0.015,0.268,1.010,0.138,3.551,52.3,100398.4,1920.0,32.2,100802.4,3131.0,1,28800,-1.99,0.181,213.2
1034,3840,0,0.1,24.719,20.361,4.358,0.014,0.274,0.264,0.298,3.505,52.3,100398.4,1920.0,32.2,100802.4,3131.0,1,28800,-2.38,0.181,213.5
1035,3840,0,0.1,27.457,21.573,5.884,0.015,1.163,0.993,0.117,3.593,52.3,100398.4,1920.0,32.2,100802.4,3131.0,1,28800,-2.38,0.181,213.5
1036,3840,0,0.1,26.611,21.561,5.050,0.015,0.269,1.012,0.122,3.631,52.3,100398.4,1920.0,32.2,100802.4,3131.0,1,28800,-2.38,0.181,213.5
1037,3840,0,0.1,23.912,19.700,4.212,0.014,0.273,0.245,0.121,3.555,52.3,100398.4,1920.0,32.2,100802.4,3131.0,1,28800,-2.38,0.181,213.5
1038,1920,0,0.1,23.215,18.584,4.631,0.008,0.235,0.489,0.257,3.639,52.3,100398.4,1920.0,32.2,100802.4,3131.0,1,28800,-2.38,0.171,213.5
1039,1920,0,0.1,11.506,6.360,5.146,0.007,1.100,0.501,0.065,3.470,52.3,100398.4,1920.0,32.2,100802.4,3131.0,1,28800,-2.38,0.171,213.5
1040,3840,0,0.1,29.878,24.815,5.063,0.015,0.267,1.029,0.117,3.633,52.3,100398.4,1920.0,32.2,100802.4,3131.0,1,28800,-2.38,0.171,213.5
1041,3840,0,0.1,28.429,23.980,4.449,0.015,0.272,0.356,0.116,3.686,52.3,100398.4,1920.0,32.2,100802.4,3131.0,1,28800,-2.38,0.171,213.5
1042,3840,0,0.1,29.829,23.777,6.052,0.015,1.145,0.914,0.379,3.597,52.3,100398.4,1920.0,32.2,100802.4,3131.0,1,28800,-2.76,0.171,214.3
1043,3840,0,0.1,32.676,27.539,5.137,0.015,0.281,1.048,0.120,3.670,52.3,100398.4,1920.0,32.2,100802.4,3131.0,1,28800,-2.76,0.171,214.3
1044,3840,0,0.1,31.045,26.472,4.573,0.016,0.272,0.460,0.112,3.711,52.3,100448.4,1920.0,32.2,100802.4,3131.0,1,28800,-2.76,0.171,214.3
1045,3840,0,0.1,30.484,24.546,5.938,0.014,1.156,0.743,0.380,3.640,52.3,100448.4,1920.0,32.2,100802.4,3131.0,1,28800,-2.76,0.188,214.3
1046,3840,0,0.1,32.198,27.030,5.168,0.015,0.268,0.991,0.117,3.772,52.3,100448.4,1920.0,29.5,100206.8,3392.0,1,28800,-2.76,0.188,214.3
1047,3840,0,0.1,30.547,25.820,4.727,0.015,0.275,0.601,0.121,3.712,52.3,100448.4,1920.0,29.5,100206.8,3392.0,1,28800,-2.76,0.188,214.3
1048,3840,0,0.1,29.563,23.624,5.939,0.015,1.178,0.651,0.363,3.729,52.3,100448.4,1920.0,29.5,100206.8,3392.0,1,28800,-3.14,0.188,214.2
1049,3840,0,0.1,31.268,26.094,5.174,0.014,0.270,0.983,0.121,3.782,52.3,100448.4,1920.0,29.5,100206.8,3392.0,1,28800,-3.14,0.188,214.2
1050,3840,0,0.1,31.005,26.083,4.922,0.014,0.273,0.668,0.118,3.845,52.3,100448.4,1920.0,29.5,100206.8,3392.0,1,28800,-3.14,0.188,214.2
1051,3840,0,0.1,28.570,23.576,4.994,0.015,0.275,0.517,0.335,3.850,52.3,100448.4,1920.0,29.5,100206.8,3392.0,1,28800,-3.14,0.208,214.2
1052,3840,0,0.1,30.790,24.695,6.095,0.015,1.167,0.985,0.118,3.808,52.3,100448.4,1920.0,29.5,100206.8,3392.0,1,28800,-3.14,0.208,214.2
1053,3840,0,0.1,28.663,23.519,5.144,0.014,0.276,0.829,0.119,3.901,52.3,100448.4,1920.0,29.5,100206.8,3392.0,1,28800,-3.14,0.208,214.2
1054,3840,0,0.1,26.114,21.102,5.012,0.016,0.275,0.463,0.357,3.899,52.3,100448.4,1920.0,29.5,100206.8,3392.0,1,28800,-1.15,0.208,214.6
1055,3840,0,0.1,29.079,22.859,6.220,0.016,1.178,1.034,0.114,3.875,52.3,100448.4,1920.0,29.5,100206.8,3392.0,1,28800,-1.15,0.208,214.6
1056,3840,0,0.1,27.593,22.292,5.301,0.015,0.275,0.948,0.116,3.945,52.3,100448.4,1920.0,29.5,100206.8,3392.0,1,28800,-1.15,0.208,214.6
1057,3840,0,0.1,25.768,20.952,4.816,0.015,0.275,0.323,0.273,3.926,52.3,100448.4,1920.0,29.5,100206.8,3392.0,1,28800,-1.15,0.202,214.6
1058,3840,0,0.1,27.982,21.713,6.269,0.013,1.193,1.065,0.117,3.877,52.3,100448.4,1920.0,29.5,100206.8,3392.0,1,28800,-1.15,0.202,214.6
1059,3840,0,0.1,26.187,20.707,5.480,0.015,0.275,1.074,0.119,3.995,52.3,100448.4,1920.0,29.5,100206.8,3392.0,1,28800,-1.15,0.202,214.6
1060,3840,0,0.1,24.456,19.579,4.877,0.015,0.281,0.248,0.295,4.035,52.3,100448.4,1920.0,29.5,100206.8,3392.0,1,28800,-1.47,0.202,214.6
1061,3840,0,0.1,27.309,20.976,6.333,0.016,1.211,1.034,0.119,3.950,52.3,100448.4,1920.0,29.5,100206.8,3392.0,1,28800,-1.47,0.202,214.6
1062,3840,0,0.1,26.792,21.340,5.452,0.015,0.273,1.013,0.117,4.031,52.3,100448.4,1920.0,29.5,100206.8,3392.0,1,28800,-1.47,0.202,214.6
1063,3840,0,0.1,25.801,21.175,4.626,0.015,0.283,0.238,0.118,3.969,52.3,100448.4,1920.0,29.5,100206.8,3392.0,1,28800,-1.47,0.202,214.6
1064,1920,0,0.1,23.724,18.755,4.969,0.008,0.264,0.483,0.202,4.008,52.3,100448.4,1920.0,29.5,100206.8,3392.0,1,28800,-1.47,0.205,214.6
1065,1920,0,0.1,10.152,4.681,5.471,0.008,1.107,0.498,0.055,3.802,52.3,100448.4,1920.0,29.5,100206.8,3392.0,1,28800,-1.47,0.205,214.6
1066,3840,0,0.1,31.628,26.127,5.501,0.015,0.286,1.006,0.118,4.074,52.3,100448.4,1920.0,29.5,100206.8,3392.0,1,28800,-1.47,0.205,214.6
1067,3840,0,0.1,30.177,25.342,4.835,0.015,0.279,0.352,0.114,4.071,52.3,100448.4,1920.0,29.5,100206.8,3392.0,1,28800,-1.47,0.205,214.6
1068,3840,0,0.1,30.039,23.524,6.515,0.014,1.213,0.890,0.368,4.027,52.3,100448.4,1920.0,29.5,100206.8,3392.0,1,28800,-1.81,0.205,214.1
1069,3840,0,0.1,32.903,27.410,5.493,0.015,0.277,1.021,0.117,4.061,52.3,100448.4,1920.0,29.5,100206.8,3392.0,1,28800,-1.81,0.205,214.1
1070,3840,0,0.1,32.506,27.476,5.030,0.015,0.278,0.491,0.111,4.130,52.3,100448.4,1920.0,29.5,100206.8,3392.0,1,28800,-1.81,0.205,214.1
1071,3840,0,0.1,32.845,26.446,6.399,0.014,1.207,0.754,0.329,4.092,52.3,100448.4,1920.0,29.5,100206.8,3392.0,1,28800,-1.81,0.212,214.1
1072,3840,0,0.1,35.242,29.629,5.613,0.015,0.278,1.022,0.117,4.180,52.3,100448.4,1920.0,29.5,100206.8,3392.0,1,28800,-1.81,0.212,214.1
1073,3840,0,0.1,34.929,29.709,5.220,0.015,0.279,0.600,0.118,4.206,52.3,100448.4,1920.0,29.5,100206.8,3392.0,1,28800,-1.81,0.212,214.1
1074,3840,0,0.1,35.216,28.814,6.402,0.015,1.209,0.676,0.364,4.137,52.3,100448.4,1920.0,29.5,100206.8,3392.0,1,28800,-2.18,0.212,213.8
1075,3840,0,0.1,37.295,31.663,5.632,0.015,0.279,1.060,0.124,4.153,52.3,100448.4,1920.0,29.5,100206.8,3392.0,1,28800,-2.18,0.212,213.8
1076,1920,0,0.1,22.992,18.221,4.771,0.008,0.223,0.516,0.057,3.967,52.3,100448.4,1920.0,29.5,100206.8,3392.0,1,28800,-2.18,0.212,213.8
1077,1920,0,0.1,23.509,18.706,4.803,0.008,0.245,0.199,0.063,4.285,52.3,100448.4,1920.0,29.5,100206.8,3392.0,1,28800,-2.18,0.212,213.8
1078,1920,0,0.1,7.573,3.170,4.403,0.008,0.229,0.078,0.060,4.025,52.3,100448.4,1920.0,29.5,100206.8,3392.0,1,28800,-2.18,0.212,213.8
1079,3840,0,0.1,26.539,19.744,6.795,0.015,1.241,1.021,0.353,4.162,52.3,100448.4,1920.0,29.5,100206.8,3392.0,1,28800,-2.18,0.217,213.8
1080,3840,0,0.1,29.526,23.812,5.714,0.015,0.287,1.042,0.117,4.251,52.3,100448.4,1920.0,29.5,100206.8,3392.0,1,28800,-2.18,0.217,213.8
1081,3840,0,0.1,29.598,24.547,5.051,0.014,0.282,0.361,0.113,4.279,52.3,100448.4,1920.0,29.5,100206.8,3392.0,1,28800,-2.18,0.217,213.8
1082,3840,0,0.1,29.710,22.942,6.768,0.015,1.236,0.915,0.362,4.239,52.3,100448.4,1920.0,29.5,100206.8,3392.0,1,28800,-2.50,0.217,214.0
1083,3840,0,0.1,32.903,27.122,5.781,0.014,0.286,1.047,0.115,4.316,52.3,100448.4,1920.0,29.5,100206.8,3392.0,1,28800,-2.50,0.217,214.0
1084,3840,0,0.1,32.584,27.335,5.249,0.015,0.297,0.474,0.111,4.351,52.3,100448.4,1920.0,29.5,100206.8,3392.0,1,28800,-2.50,0.217,214.0
1085,3840,0,0.1,31.157,25.561,5.596,0.015,1.223,0.789,0.320,3.248,52.3,100448.4,1920.0,29.5,100206.8,3392.0,1,28800,-2.50,0.212,214.0
1086,3840,0,0.1,33.351,29.618,3.733,0.015,0.284,1.035,0.116,2.280,52.3,100448.4,1920.0,29.5,100206.8,3392.0,1,28800,-2.50,0.212,214.0
1087,3840,0,0.1,31.603,28.332,3.271,0.015,0.283,0.591,0.109,2.271,52.3,100448.4,1920.0,29.5,100206.8,3392.0,1,28800,-2.50,0.212,214.0
1088,3840,0,0.1,31.153,26.546,4.607,0.015,1.225,0.682,0.381,2.301,52.3,100448.4,1920.0,29.5,100206.8,3392.0,1,28800,-2.84,0.212,213.2
1089,3840,0,0.1,32.314,28.575,3.739,0.015,0.280,1.046,0.122,2.275,52.3,100448.4,1920.0,29.5,100206.8,3392.0,1,28800,-2.84,0.212,213.2
1090,3840,0,0.1,31.447,27.930,3.517,0.015,0.290,0.727,0.117,2.367,52.3,100448.4,1920.0,29.5,100206.8,3392.0,1,28800,-2.84,0.212,213.2
1091,3840,0,0.1,30.297,26.830,3.467,0.015,0.283,0.586,0.346,2.235,52.3,100448.4,1920.0,29.5,100206.8,3392.0,1,28800,-2.84,0.204,213.2
1092,3840,0,0.1,33.257,28.510,4.747,0.015,1.254,1.067,0.117,2.292,52.3,100448.4,1920.0,29.5,100206.8,3392.0,1,28800,-2.84,0.204,213.2
1093,3840,0,0.1,31.182,27.556,3.626,0.015,0.289,0.854,0.118,2.349,52.3,100448.4,1920.0,29.5,100206.8,3392.0,1,28800,-2.84,0.204,213.2
1094,3840,0,0.1,29.585,26.100,3.485,0.015,0.290,0.469,0.323,2.386,52.3,100448.4,1920.0,29.5,100206.8,3392.0,1,28800,-3.17,0.204,212.7
1095,3840,0,0.1,32.665,27.831,4.834,0.015,1.278,1.056,0.114,2.368,52.3,100448.4,1920.0,29.5,100206.8,3392.0,1,28800,-3.17,0.204,212.7
1096,3840,0,0.1,30.494,26.681,3.813,0.015,0.285,0.949,0.120,2.441,52.3,100448.4,1920.0,29.5,100206.8,3392.0,1,28800,-3.17,0.204,212.7
1097,3840,0,0.1,28.190,24.815,3.375,0.015,0.289,0.317,0.304,2.449,52.3,100448.4,1920.0,29.5,100206.8,3392.0,1,28800,-3.17,0.203,212.7
1098,3840,0,0.1,31.459,26.598,4.861,0.014,1.261,1.047,0.118,2.419,52.3,100448.4,1920.0,29.5,100206.8,3392.0,1,28800,-3.17,0.203,212.7
1099,3840,0,0.1,29.360,25.418,3.942,0.015,0.286,1.030,0.114,2.494,52.5,100749.6,1920.0,29.5,100206.8,3392.0,1,28800,-3.17,0.203,212.7
1100,3840,0,0.1,28.210,24.871,3.339,0.015,0.290,0.278,0.300,2.454,52.5,100749.6,1920.0,29.5,100206.8,3392.0,1,28800,-3.50,0.203,212.7
1101,3840,0,0.1,34.984,30.103,4.881,0.015,1.288,1.000,0.116,2.459,52.5,100749.6,1920.0,27.4,100598.8,3665.0,1,28800,-3.50,0.203,212.7
1102,3840,0,0.1,34.505,30.547,3.958,0.015,0.285,1.021,0.118,2.516,52.5,100749.6,1920.0,27.4,100598.8,3665.0,1,28800,-3.50,0.203,212.7
1103,3840,0,0.1,32.573,29.399,3.174,0.015,0.289,0.239,0.114,2.515,52.5,100749.6,1920.0,27.4,100598.8,3665.0,1,28800,-3.50,0.203,212.7
1104,3840,0,0.1,32.258,27.136,5.122,0.015,1.253,0.982,0.390,2.480,52.5,100749.6,1920.0,27.4,100598.8,3665.0,1,28800,-3.50,0.200,212.7
1105,3840,0,0.1,32.497,28.463,4.034,0.014,0.290,1.027,0.116,2.583,52.5,100749.6,1920.0,27.4,100598.8,3665.0,1,28800,-3.50,0.200,212.7
1106,3840,0,0.1,29.789,26.427,3.362,0.014,0.292,0.358,0.112,2.584,52.5,100749.6,1920.0,27.4,100598.8,3665.0,1,28800,-3.50,0.200,212.7
1107,3840,0,0.1,28.271,23.077,5.194,0.015,1.289,0.913,0.402,2.572,52.5,100749.6,1920.0,27.4,100598.8,3665.0,1,28800,-3.82,0.200,212.2
1108,3840,0,0.1,33.945,25.602,8.343,0.014,0.292,1.032,4.397,2.605,52.5,100749.6,1920.0,27.4,100598.8,3665.0,1,28800,-3.82,0.200,212.2
1109,3840,0,0.1,32.274,28.715,3.559,0.014,0.289,0.477,0.114,2.663,52.5,100749.6,1920.0,27.4,100598.8,3665.0,1,28800,-3.82,0.200,212.2
1110,3840,0,0.1,30.572,25.519,5.053,0.015,1.264,0.775,0.351,2.648,52.5,100749.6,1920.0,27.4,100598.8,3665.0,1,28800,-3.82,0.183,212.2
1111,3840,0,0.1,32.647,28.512,4.135,0.014,0.286,1.048,0.119,2.665,52.5,100749.6,1920.0,27.4,100598.8,3665.0,1,28800,-3.82,0.183,212.2
1112,3840,0,0.1,31.930,28.225,3.705,0.014,0.318,0.601,0.123,2.646,52.5,100749.6,1920.0,27.4,100598.8,3665.0,1,28800,-3.82,0.183,212.2
1113,3840,0,0.1,31.764,26.707,5.057,0.014,1.267,0.679,0.377,2.715,52.5,100749.6,1920.0,27.4,100598.8,3665.0,1,28800,-4.15,0.183,211.8
1114,3840,0,0.1,34.012,29.889,4.123,0.015,0.288,1.032,0.117,2.667,52.5,100749.6,1920.0,27.4,100598.8,3665.0,1,28800,-4.15,0.183,211.8
1115,3840,0,0.1,33.881,30.004,3.877,0.015,0.294,0.725,0.116,2.724,52.5,100749.6,1920.0,27.4,100598.8,3665.0,1,28800,-4.15,0.183,211.8
1116,3840,0,0.1,32.809,28.852,3.957,0.033,0.296,0.550,0.338,2.737,52.5,100749.6,1920.0,27.4,100598.8,3665.0,1,28800,-4.15,0.166,211.8
1117,3840,0,0.1,36.857,31.627,5.230,0.015,1.326,1.045,0.119,2.724,52.5,100749.6,1920.0,27.4,100598.8,3665.0,1,28800,-4.15,0.166,211.8
1118,3840,0,0.1,36.098,32.039,4.059,0.015,0.292,0.862,0.120,2.768,52.5,100749.6,1920.0,27.4,100598.8,3665.0,1,28800,-4.15,0.166,211.8
1119,3840,0,0.1,36.507,32.605,3.902,0.015,0.297,0.460,0.312,2.816,52.5,100749.6,1920.0,27.4,100598.8,3665.0,1,28800,-4.48,0.166,211.1
1120,3840,0,0.1,40.896,35.600,5.296,0.015,1.323,1.034,0.115,2.807,52.5,100749.6,1920.0,27.4,100598.8,3665.0,1,28800,-4.48,0.166,211.1
1121,1920,0,0.1,25.288,21.838,3.450,0.007,0.237,0.520,0.057,2.626,52.5,100749.6,1920.0,27.4,100598.8,3665.0,1,28800,-4.48,0.166,211.1
1122,3840,0,0.1,23.709,19.932,3.777,0.015,0.294,0.484,0.115,2.865,52.5,100749.6,1920.0,27.4,100598.8,3665.0,1,28800,-4.48,0.166,211.1
1123,1920,0,0.1,22.305,18.680,3.625,0.008,0.262,0.275,0.234,2.844,52.5,100749.6,1920.0,27.4,100598.8,3665.0,1,28800,-4.48,0.166,211.1
1124,1920,0,0.1,10.245,5.679,4.566,0.007,1.238,0.521,0.065,2.733,52.5,100749.6,1920.0,27.4,100598.8,3665.0,1,28800,-4.48,0.166,211.1
1125,3840,0,0.1,28.391,24.093,4.298,0.014,0.295,1.022,0.122,2.841,52.5,100749.6,1920.0,27.4,100598.8,3665.0,1,28800,-4.48,0.166,211.1
1126,3840,0,0.1,26.869,22.952,3.917,0.015,0.306,0.570,0.146,2.878,52.5,100749.6,1920.0,27.4,100598.8,3665.0,1,28800,-4.48,0.166,211.1
1127,3840,0,0.1,26.310,21.051,5.259,0.015,1.306,0.645,0.371,2.920,52.5,100749.6,1920.0,27.4,100598.8,3665.0,1,28800,-4.77,0.166,211.3
1128,3840,0,0.1,28.045,23.742,4.303,0.015,0.293,0.988,0.119,2.887,52.5,100749.6,1920.0,27.4,100598.8,3665.0,1,28800,-4.77,0.166,211.3
1129,3840,0,0.1,26.031,21.952,4.079,0.015,0.300,0.677,0.119,2.965,52.5,100749.6,1920.0,27.4,100598.8,3665.0,1,28800,-4.77,0.166,211.3
1130,3840,0,0.1,24.850,20.695,4.155,0.013,0.298,0.521,0.332,2.987,52.5,100749.6,1920.0,27.4,100598.8,3665.0,1,28800,-4.77,0.167,211.3
1131,3840,0,0.1,27.161,21.742,5.419,0.015,1.308,0.983,0.119,2.992,52.5,100749.6,1920.0,27.4,100598.8,3665.0,1,28800,-4.77,0.167,211.3
1132,3840,0,0.1,26.186,21.864,4.322,0.015,0.297,0.790,0.189,3.029,52.5,100749.6,1920.0,27.4,100598.8,3665.0,1,28800,-4.77,0.167,211.3
1133,3840,0,0.1,25.126,21.061,4.065,0.015,0.298,0.439,0.294,3.016,52.5,100749.6,1920.0,27.4,100598.8,3665.0,1,28800,-5.07,0.167,211.7
1134,3840,0,0.1,28.062,22.561,5.501,0.014,1.333,1.016,0.116,3.017,52.5,100749.6,1920.0,27.4,100598.8,3665.0,1,28800,-5.07,0.167,211.7
1135,3840,0,0.1,28.339,24.192,4.147,0.015,0.295,0.504,0.322,3.009,52.5,100749.6,1920.0,27.4,100598.8,3665.0,1,28800,-5.07,1.927,211.7
1136,3840,0,0.1,30.261,25.690,4.571,0.015,0.302,1.143,0.116,2.992,52.5,100749.6,1920.0,27.4,100598.8,3665.0,1,28800,-5.07,1.927,211.7
1137,3840,0,0.1,29.017,23.392,5.625,0.014,1.347,1.099,0.114,3.049,52.5,100749.6,1920.0,27.4,100598.8,3665.0,1,28800,-5.07,1.927,211.7
1138,3840,0,0.1,28.593,23.972,4.621,0.015,0.295,1.104,0.118,3.087,52.5,100749.6,1920.0,27.4,100598.8,3665.0,1,28800,-5.07,1.927,211.7
1139,3840,0,0.1,26.914,22.994,3.920,0.015,0.297,0.251,0.280,3.077,52.5,100749.6,1920.0,27.4,100598.8,3665.0,1,28800,-1.37,1.927,208.0
1140,3840,0,0.1,29.952,24.229,5.723,0.015,1.329,1.119,0.120,3.137,52.5,100749.6,1920.0,27.4,100598.8,3665.0,1,28800,-1.37,1.927,208.0
1141,3840,0,0.1,29.239,24.502,4.737,0.015,0.298,1.118,0.119,3.186,52.5,100749.6,1920.0,27.4,100598.8,3665.0,1,28800,-1.37,1.927,208.0
1142,3840,0,0.1,26.834,23.007,3.827,0.015,0.302,0.253,0.116,3.138,52.5,100749.6,1920.0,27.4,100598.8,3665.0,1,28800,-1.37,1.927,208.0
1143,3840,0,0.1,26.340,20.386,5.954,0.015,1.341,1.073,0.388,3.135,52.5,100749.6,1920.0,27.4,100598.8,3665.0,1,28800,-1.37,3.706,208.0
1144,3840,0,0.1,27.364,22.727,4.637,0.015,0.298,1.040,0.118,3.164,52.5,100749.6,1920.0,27.4,100598.8,3665.0,1,28800,-1.37,3.706,208.0
1145,3840,0,0.1,25.303,21.240,4.063,0.015,0.324,0.365,0.121,3.235,52.5,100749.6,1920.0,27.4,100598.8,3665.0,1,28800,-1.37,3.706,208.0
1146,1920,0,0.1,22.764,18.620,4.144,0.007,0.265,0.420,0.232,3.218,52.5,100749.6,1920.0,27.4,100598.8,3665.0,1,28800,-0.65,3.706,207.7
1147,1920,0,0.1,8.265,3.385,4.880,0.007,1.275,0.519,0.056,3.019,52.5,100749.6,1920.0,27.4,100598.8,3665.0,1,28800,-0.65,3.706,207.7
1148,3840,0,0.1,28.569,23.837,4.732,0.015,0.309,1.030,0.119,3.257,52.5,100749.6,1920.0,27.4,100598.8,3665.0,1,28800,-0.65,3.706,207.7
1149,3840,0,0.1,25.213,21.037,4.176,0.015,0.329,0.465,0.118,3.247,52.5,100749.6,1920.0,27.4,100598.8,3665.0,1,28800,-0.65,3.706,207.7
1150,1920,0,0.1,22.605,18.580,4.025,0.007,0.275,0.291,0.235,3.215,52.5,100749.6,1920.0,27.4,100598.8,3665.0,1,28800,-0.65,3.705,207.7
1151,1920,0,0.1,11.140,6.062,5.078,0.008,1.286,0.537,0.066,3.178,52.5,100749.6,1920.0,27.4,100598.8,3665.0,1,28800,-0.65,3.705,207.7
1152,3840,0,0.1,28.755,23.982,4.773,0.015,0.301,1.042,0.118,3.293,52.5,100749.6,1920.0,27.4,100598.8,3665.0,1,28800,-0.65,3.705,207.7
1153,3840,0,0.1,25.831,21.464,4.367,0.015,0.303,0.610,0.120,3.317,52.5,100749.6,1920.0,27.4,100598.8,3665.0,1,28800,-0.65,3.705,207.7
1154,1920,0,0.1,23.083,19.059,4.024,0.008,0.271,0.175,0.287,3.281,52.5,100749.6,1920.0,27.4,100598.8,3665.0,1,28800,1.59,3.705,208.1
1155,1920,0,0.1,11.361,6.194,5.167,0.007,1.303,0.520,0.062,3.272,52.5,100749.6,1920.0,27.4,100598.8,3665.0,1,28800,1.59,3.705,208.1
1156,3840,0,0.1,28.739,23.905,4.834,0.015,0.299,1.073,0.119,3.325,52.4,100649.0,1920.0,27.4,100598.8,3665.0,1,28800,1.59,3.705,208.1
1157,3840,0,0.1,27.946,23.425,4.521,0.015,0.309,0.743,0.123,3.330,52.4,100649.0,1920.0,27.4,100598.8,3665.0,1,28800,1.59,3.705,208.1
1158,3840,0,0.1,26.852,22.193,4.659,0.014,0.306,0.560,0.340,3.436,52.4,100649.0,1920.0,27.4,100598.8,3665.0,1,28800,1.59,3.709,208.1
1159,3840,0,0.1,32.176,26.096,6.080,0.015,1.355,1.097,0.121,3.489,52.4,100649.0,1920.0,28.5,100854.2,3542.0,1,28800,1.59,3.709,208.1
1160,3840,0,0.1,30.274,25.559,4.715,0.015,0.312,0.855,0.120,3.412,52.4,100649.0,1920.0,28.5,100854.2,3542.0,1,28800,1.59,3.709,208.1
1161,3840,0,0.1,29.497,24.888,4.609,0.015,0.316,0.465,0.368,3.442,52.4,100649.0,1920.0,28.5,100854.2,3542.0,1,28800,1.27,3.709,208.0
1162,3840,0,0.1,32.864,26.881,5.983,0.015,1.370,1.089,0.122,3.386,52.4,100649.0,1920.0,28.5,100854.2,3542.0,1,28800,1.27,3.709,208.0
1163,3840,0,0.1,32.560,27.617,4.943,0.015,0.305,0.965,0.118,3.539,52.4,100649.0,1920.0,28.5,100854.2,3542.0,1,28800,1.27,3.709,208.0
1164,3840,0,0.1,32.118,27.691,4.427,0.015,0.308,0.315,0.282,3.504,52.4,100649.0,1920.0,28.5,100854.2,3542.0,1,28800,1.27,3.724,208.0
1165,3840,0,0.1,35.746,29.701,6.045,0.015,1.401,1.031,0.116,3.481,52.4,100649.0,1920.0,28.5,100854.2,3542.0,1,28800,1.27,3.724,208.0
1166,3840,0,0.1,36.489,31.468,5.021,0.015,0.309,1.047,0.119,3.529,52.4,100649.0,1920.0,28.5,100854.2,3542.0,1,28800,1.27,3.724,208.0
1167,3840,0,0.1,36.671,32.264,4.407,0.014,0.311,0.241,0.292,3.545,52.4,100649.0,1920.0,28.5,100854.2,3542.0,1,28800,0.96,3.724,207.6
1168,3840,0,0.1,41.391,35.290,6.101,0.015,1.415,1.013,0.121,3.535,52.4,100649.0,1920.0,28.5,100854.2,3542.0,1,28800,0.96,3.724,207.6
1169,1920,0,0.1,26.466,22.330,4.136,0.007,0.237,0.503,0.056,3.331,52.4,100649.0,1920.0,28.5,100854.2,3542.0,1,28800,0.96,3.724,207.6
1170,3840,0,0.1,26.861,21.946,4.915,0.015,0.321,0.715,0.146,3.716,52.4,100649.0,1920.0,28.5,100854.2,3542.0,1,28800,0.96,3.724,207.6
1171,3840,0,0.1,27.754,22.941,4.813,0.016,0.310,0.534,0.329,3.622,52.4,100649.0,1920.0,28.5,100854.2,3542.0,1,28800,0.96,3.722,207.6
1172,3840,0,0.1,32.661,26.569,6.092,0.015,1.390,0.987,0.118,3.581,52.4,100649.0,1920.0,28.5,100854.2,3542.0,1,28800,0.96,3.722,207.6
1173,3840,0,0.1,33.495,28.577,4.918,0.033,0.315,0.791,0.123,3.652,52.4,100649.0,1920.0,28.5,100854.2,3542.0,1,28800,0.96,3.722,207.6
1174,3840,0,0.1,34.236,29.489,4.747,0.015,0.312,0.437,0.340,3.639,52.4,100649.0,1920.0,28.5,100854.2,3542.0,1,28800,0.63,3.722,207.8
1175,3840,0,0.1,39.317,33.136,6.181,0.014,1.384,1.024,0.121,3.636,52.4,100649.0,1920.0,28.5,100854.2,3542.0,1,28800,0.63,3.722,207.8
1176,1920,0,0.1,24.490,20.240,4.250,0.007,0.241,0.522,0.056,3.424,52.4,100649.0,1920.0,28.5,100854.2,3542.0,1,28800,0.63,3.722,207.8
1177,1920,0,0.1,21.896,17.486,4.410,0.008,0.273,0.429,0.059,3.640,52.4,100649.0,1920.0,28.5,100854.2,3542.0,1,28800,0.63,3.722,207.8
1178,1920,0,0.1,6.730,2.822,3.908,0.008,0.259,0.054,0.057,3.529,52.4,100649.0,1920.0,28.5,100854.2,3542.0,1,28800,0.63,3.722,207.8
1179,1920,0,0.1,23.412,18.954,4.458,0.008,0.273,0.270,0.228,3.677,52.4,100649.0,1920.0,28.5,100854.2,3542.0,1,28800,0.63,3.729,207.8
1180,1920,0,0.1,11.972,6.507,5.465,0.008,1.332,0.514,0.064,3.546,52.4,100649.0,1920.0,28.5,100854.2,3542.0,1,28800,0.63,3.729,207.8
1181,3840,0,0.1,30.998,25.845,5.153,0.015,0.314,1.028,0.122,3.672,52.4,100649.0,1920.0,28.5,100854.2,3542.0,1,28800,0.63,3.729,207.8
1182,3840,0,0.1,31.301,26.461,4.840,0.014,0.317,0.619,0.119,3.767,52.4,100649.0,1920.0,28.5,100854.2,3542.0,1,28800,0.63,3.729,207.8
1183,3840,0,0.1,32.176,25.984,6.192,0.015,1.389,0.701,0.371,3.715,52.4,100649.0,1920.0,28.5,100854.2,3542.0,1,28800,0.34,3.729,207.6
1184,3840,0,0.1,35.066,29.842,5.224,0.015,0.309,1.058,0.118,3.721,52.4,100649.0,1920.0,28.5,100854.2,3542.0,1,28800,0.34,3.729,207.6
1185,3840,0,0.1,37.641,32.887,4.754,0.015,0.314,0.519,0.110,3.794,52.4,100649.0,1920.0,28.5,100854.2,3542.0,1,28800,0.34,3.729,207.6
1186,3840,0,0.1,38.006,32.946,5.060,0.015,0.319,0.526,0.364,3.832,52.4,100649.0,1920.0,28.5,100854.2,3542.0,1,28800,0.34,4.102,207.6
1187,5760,0,0.2,45.299,38.244,7.055,0.022,1.650,1.479,0.175,3.727,52.4,100649.0,1920.0,28.5,100854.2,3542.0,1,28800,0.34,4.102,207.6
1188,3840,0,0.1,26.949,22.299,4.650,0.014,0.315,0.345,0.112,3.861,52.4,100649.0,1920.0,28.5,100854.2,3542.0,1,28800,0.34,4.102,207.6
1189,3840,0,0.1,30.404,23.935,6.469,0.015,1.405,0.895,0.380,3.772,52.4,100649.0,1920.0,28.5,100854.2,3542.0,1,28800,0.94,4.102,203.3
1190,3840,0,0.1,35.164,29.893,5.271,0.014,0.315,0.973,0.119,3.846,52.4,100649.0,1920.0,28.5,100854.2,3542.0,1,28800,0.94,4.102,203.3
1191,3840,0,0.1,35.888,31.095,4.793,0.015,0.314,0.445,0.111,3.906,52.4,100649.0,1920.0,28.5,100854.2,3542.0,1,28800,0.94,4.102,203.3
1192,3840,0,0.1,37.165,30.747,6.418,0.015,1.436,0.732,0.380,3.854,52.4,100649.0,1920.0,28.5,100854.2,3542.0,1,28800,0.94,4.467,203.3
1193,3840,0,0.1,42.017,36.630,5.387,0.015,0.316,1.034,0.124,3.896,52.4,100649.0,1920.0,28.5,100854.2,3542.0,1,28800,0.94,4.467,203.3
1194,1920,0,0.1,27.518,22.971,4.547,0.008,0.258,0.523,0.057,3.699,52.4,100649.0,1920.0,28.5,100854.2,3542.0,1,28800,0.94,4.467,203.3
1195,3840,0,0.1,29.126,24.247,4.879,0.015,0.318,0.239,0.335,3.971,52.4,100649.0,1920.0,28.5,100854.2,3542.0,1,28800,0.61,4.467,202.9
1196,3840,0,0.1,34.832,28.320,6.512,0.014,1.430,1.020,0.150,3.896,52.4,100649.0,1920.0,28.5,100854.2,3542.0,1,28800,0.61,4.467,202.9
1197,3840,0,0.1,35.546,30.046,5.500,0.015,0.314,1.033,0.122,4.012,52.4,100649.0,1920.0,28.5,100854.2,3542.0,1,28800,0.61,4.467,202.9
1198,3840,0,0.1,36.850,32.165,4.685,0.015,0.323,0.239,0.118,3.986,52.4,100649.0,1920.0,28.5,100854.2,3542.0,1,28800,0.61,4.467,202.9
1199,3840,0,0.1,39.188,32.402,6.786,0.015,1.471,1.002,0.364,3.932,52.4,100649.0,1920.0,28.5,100854.2,3542.0,1,28800,0.61,4.454,202.9
1200,1920,0,0.1,24.728,20.119,4.609,0.007,0.248,0.511,0.055,3.788,52.4,100649.0,1920.0,28.5,100854.2,3542.0,1,28800,0.61,4.454,202.9
1201,3840,0,0.1,32.400,27.026,5.374,0.015,0.337,0.830,0.116,4.075,52.4,100649.0,1920.0,28.5,100854.2,3542.0,1,28800,0.61,4.454,202.9
1202,3840,0,0.1,34.483,29.227,5.256,0.015,0.320,0.447,0.359,4.113,52.4,100649.0,1920.0,28.5,100854.2,3542.0,1,28800,0.28,4.454,202.6
1203,3840,0,0.1,39.416,32.777,6.639,0.014,1.476,0.982,0.115,4.051,52.4,100649.0,1920.0,28.5,100854.2,3542.0,1,28800,0.28,4.454,202.6
1204,1920,0,0.1,24.971,20.329,4.642,0.007,0.250,0.480,0.055,3.849,52.4,100649.0,1920.0,28.5,100854.2,3542.0,1,28800,0.28,4.454,202.6
1205,3840,0,0.1,26.171,21.165,5.006,0.015,0.318,0.451,0.114,4.106,52.4,100649.0,1920.0,28.5,100854.2,3542.0,1,28800,0.28,4.454,202.6
1206,3840,0,0.1,29.892,23.237,6.655,0.016,1.461,0.744,0.379,4.053,52.4,100649.0,1920.0,28.5,100854.2,3542.0,1,28800,0.28,2.686,202.6
1207,3840,0,0.1,34.517,28.936,5.581,0.016,0.314,0.988,0.127,4.133,52.4,100649.0,1920.0,28.5,100854.2,3542.0,1,28800,0.28,2.686,202.6
1208,3840,0,0.1,35.572,30.352,5.220,0.015,0.319,0.569,0.122,4.192,52.4,100649.0,1920.0,28.5,100854.2,3542.0,1,28800,0.28,2.686,202.6
1209,3840,0,0.1,38.927,32.348,6.579,0.014,1.433,0.649,0.379,4.101,52.4,100649.0,1920.0,28.5,100854.2,3542.0,1,28800,-0.05,2.686,205.8
1210,1920,0,0.1,24.593,19.858,4.735,0.007,0.249,0.486,0.056,3.937,52.4,100649.0,1920.0,28.5,100854.2,3542.0,1,28800,-0.05,2.686,205.8
1211,3840,0,0.1,30.764,25.121,5.643,0.015,0.324,0.991,0.118,4.192,52.4,100649.0,1920.0,28.5,100854.2,3542.0,1,28800,-0.05,2.686,205.8
1212,3840,0,0.1,31.091,26.215,4.876,0.015,0.318,0.235,0.116,4.188,52.4,100649.0,1920.0,28.5,100854.2,3542.0,1,28800,-0.05,2.686,205.8
1213,3840,0,0.1,33.697,26.719,6.978,0.015,1.450,0.988,0.381,4.143,52.4,100699.3,1920.0,28.5,100854.2,3542.0,1,28800,-0.05,0.901,205.8
1214,3840,0,0.1,39.265,33.568,5.697,0.015,0.336,0.994,0.116,4.234,52.4,100699.3,1920.0,28.5,100854.2,3542.0,1,28800,-0.05,0.901,205.8
1215,1920,0,0.1,24.840,20.201,4.639,0.008,0.273,0.292,0.057,4.007,52.4,100699.3,1920.0,28.5,100854.2,3542.0,1,28800,-0.05,0.901,205.8
1216,3840,0,0.1,29.606,24.040,5.566,0.015,0.323,0.417,0.354,4.455,52.4,100699.3,1920.0,28.5,100854.2,3542.0,1,28800,-0.40,0.901,205.3
1217,3840,0,0.1,34.005,27.125,6.880,0.015,1.497,0.984,0.119,4.263,52.4,100699.3,1920.0,28.6,100454.1,3508.0,1,28800,-0.40,0.901,205.3
1218,3840,0,0.1,36.600,31.005,5.595,0.015,0.331,0.814,0.116,4.316,52.4,100699.3,1920.0,28.6,100454.1,3508.0,1,28800,-0.40,0.901,205.3
1219,3840,0,0.1,39.347,34.023,5.324,0.015,0.335,0.306,0.323,4.341,52.4,100699.3,1920.0,28.6,100454.1,3508.0,1,28800,-0.40,1.079,205.3
1220,1920,0,0.1,26.335,20.287,6.048,0.008,1.407,0.491,0.056,4.085,52.4,100699.3,1920.0,28.6,100454.1,3508.0,1,28800,-0.40,1.079,205.3
1221,3840,0,0.1,31.385,26.556,4.829,0.015,0.345,0.990,0.114,3.363,52.4,100699.3,1920.0,28.6,100454.1,3508.0,1,28800,-0.40,1.079,205.3
1222,3840,0,0.1,30.118,26.816,3.302,0.015,0.324,0.577,0.115,2.269,52.4,100699.3,1920.0,28.6,100454.1,3508.0,1,28800,-0.40,1.079,205.3
1223,3840,0,0.1,30.473,25.646,4.827,0.015,1.480,0.665,0.402,2.262,52.4,100699.3,1920.0,28.6,100454.1,3508.0,1,28800,-0.22,1.079,201.9
1224,3840,0,0.1,31.321,27.588,3.733,0.016,0.319,1.055,0.115,2.226,52.4,100699.3,1920.0,28.6,100454.1,3508.0,1,28800,-0.22,1.079,201.9
1225,3840,0,0.1,29.056,25.591,3.465,0.015,0.326,0.729,0.118,2.276,52.4,100699.3,1920.0,28.6,100454.1,3508.0,1,28800,-0.22,1.079,201.9
1226,3840,0,0.1,26.748,23.145,3.603,0.015,0.328,0.557,0.396,2.305,52.4,100699.3,1920.0,28.6,100454.1,3508.0,1,28800,-0.22,1.268,201.9
1227,3840,0,0.1,27.404,22.436,4.968,0.014,1.493,1.019,0.116,2.324,52.4,100699.3,1920.0,28.6,100454.1,3508.0,1,28800,-0.22,1.268,201.9
1228,3840,0,0.1,23.423,19.791,3.632,0.015,0.329,0.824,0.117,2.345,52.4,100699.3,1920.0,28.6,100454.1,3508.0,1,28800,-0.22,1.268,201.9
1229,1920,0,0.1,19.691,16.771,2.920,0.008,0.291,0.054,0.068,2.496,52.4,100699.3,1920.0,28.6,100454.1,3508.0,1,28800,-0.22,1.268,201.9
1230,1920,0,0.1,3.912,0.645,3.267,0.008,0.275,0.402,0.289,2.292,52.4,100699.3,1920.0,28.6,100454.1,3508.0,1,28800,-0.55,1.268,201.4
1231,1920,0,0.1,22.344,17.960,4.384,0.008,1.476,0.519,0.069,2.309,52.4,100699.3,1920.0,28.6,100454.1,3508.0,1,28800,-0.55,1.268,201.4
1232,1920,0,0.1,6.188,3.126,3.062,0.007,0.262,0.536,0.061,2.194,52.4,100699.3,1920.0,28.6,100454.1,3508.0,1,28800,-0.55,1.268,201.4
1233,1920,0,0.1,20.277,17.034,3.243,0.007,0.294,0.524,0.063,2.355,52.4,100699.3,1920.0,28.6,100454.1,3508.0,1,28800,-0.55,1.268,201.4
1234,1920,0,0.1,4.304,1.240,3.064,0.008,0.268,0.447,0.057,2.284,52.4,100699.3,1920.0,28.6,100454.1,3508.0,1,28800,-0.55,1.268,201.4
1235,1920,0,0.1,18.356,15.413,2.943,0.008,0.293,0.060,0.060,2.519,52.4,100699.3,1920.0,28.6,100454.1,3508.0,1,28800,-0.55,1.268,201.4
1236,3840,0,0.1,33.523,28.479,5.044,0.015,1.488,0.784,0.355,2.401,52.4,100699.3,1920.0,28.6,100454.1,3508.0,1,28800,-0.55,1.267,201.4
1237,3840,0,0.1,32.731,28.809,3.922,0.015,0.325,1.085,0.120,2.376,52.4,100699.3,1920.0,28.6,100454.1,3508.0,1,28800,-0.55,1.267,201.4
1238,3840,0,0.1,28.749,25.207,3.542,0.015,0.329,0.606,0.117,2.471,52.4,100699.3,1920.0,28.6,100454.1,3508.0,1,28800,-0.55,1.267,201.4
1239,3840,0,0.1,26.234,21.170,5.064,0.015,1.499,0.700,0.394,2.454,52.4,100699.3,1920.0,28.6,100454.1,3508.0,1,28800,-0.88,1.267,201.3
1240,3840,0,0.1,25.701,21.709,3.992,0.016,0.327,1.085,0.119,2.444,52.4,100699.3,1920.0,28.6,100454.1,3508.0,1,28800,-0.88,1.267,201.3
1241,1920,0,0.1,21.486,18.061,3.425,0.008,0.291,0.537,0.058,2.530,52.4,100699.3,1920.0,28.6,100454.1,3508.0,1,28800,-0.88,1.267,201.3
1242,1920,0,0.1,5.337,2.419,2.918,0.008,0.276,0.193,0.063,2.377,52.4,100699.3,1920.0,28.6,100454.1,3508.0,1,28800,-0.88,1.267,201.3
1243,1920,0,0.1,19.186,16.105,3.081,0.007,0.293,0.054,0.066,2.659,52.4,100699.3,1920.0,28.6,100454.1,3508.0,1,28800,-0.88,1.267,201.3
1244,1920,0,0.1,3.618,0.161,3.457,0.007,0.277,0.501,0.262,2.408,52.4,100699.3,1920.0,28.6,100454.1,3508.0,1,28800,-0.88,1.279,201.3
1245,1920,0,0.1,22.827,18.317,4.510,0.008,1.469,0.555,0.062,2.413,52.4,100699.3,1920.0,28.6,100454.1,3508.0,1,28800,-0.88,1.279,201.3
1246,1920,0,0.1,6.315,3.115,3.200,0.008,0.270,0.513,0.055,2.351,52.4,100699.3,1920.0,28.6,100454.1,3508.0,1,28800,-0.88,1.279,201.3
1247,1920,0,0.1,20.851,17.439,3.412,0.007,0.299,0.519,0.061,2.524,52.4,100699.3,1920.0,28.6,100454.1,3508.0,1,28800,-0.88,1.279,201.3
1248,1920,0,0.1,4.862,1.771,3.091,0.007,0.276,0.310,0.061,2.434,52.4,100699.3,1920.0,28.6,100454.1,3508.0,1,28800,-0.88,1.279,201.3
1249,1920,0,0.1,19.213,16.103,3.110,0.008,0.296,0.057,0.064,2.683,52.4,100699.3,1920.0,28.6,100454.1,3508.0,1,28800,-0.88,1.279,201.3
1250,1920,0,0.1,3.548,0.153,3.395,0.007,0.278,0.379,0.284,2.444,52.4,100699.3,1920.0,28.6,100454.1,3508.0,1,28800,-1.19,1.279,200.0
